-4.5 2.51498e-09
-4.497 1.71867e-08
-4.494 4.30774e-08
-4.491 7.84638e-08
-4.488 1.21001e-07
-4.48499 1.67928e-07
-4.48199 2.16299e-07
-4.47899 2.63214e-07
-4.47599 3.06048e-07
-4.47299 3.42642e-07
-4.46999 3.71457e-07
-4.46699 3.91678e-07
-4.46399 4.0326e-07
-4.46099 4.06913e-07
-4.45799 4.04032e-07
-4.45498 3.96585e-07
-4.45198 3.8695e-07
-4.44898 3.77735e-07
-4.44598 3.71581e-07
-4.44298 3.70966e-07
-4.43998 3.78029e-07
-4.43698 3.94409e-07
-4.43398 4.21138e-07
-4.43098 4.58561e-07
-4.42798 5.06318e-07
-4.42497 5.63364e-07
-4.42197 6.28037e-07
-4.41897 6.98172e-07
-4.41597 7.71234e-07
-4.41297 8.44488e-07
-4.40997 9.15166e-07
-4.40697 9.80637e-07
-4.40397 1.03857e-06
-4.40097 1.08708e-06
-4.39797 1.12481e-06
-4.39496 1.15104e-06
-4.39196 1.16568e-06
-4.38896 1.16928e-06
-4.38596 1.16301e-06
-4.38296 1.14852e-06
-4.37996 1.12789e-06
-4.37696 1.10346e-06
-4.37396 1.0777e-06
-4.37096 1.05305e-06
-4.36796 1.03182e-06
-4.36495 1.01601e-06
-4.36195 1.00724e-06
-4.35895 1.00665e-06
-4.35595 1.01488e-06
-4.35295 1.03203e-06
-4.34995 1.05767e-06
-4.34695 1.09094e-06
-4.34395 1.13056e-06
-4.34095 1.17498e-06
-4.33795 1.22245e-06
-4.33494 1.27116e-06
-4.33194 1.31937e-06
-4.32894 1.36548e-06
-4.32594 1.40819e-06
-4.32294 1.4465e-06
-4.31994 1.47987e-06
-4.31694 1.50814e-06
-4.31394 1.53161e-06
-4.31094 1.551e-06
-4.30794 1.56739e-06
-4.30493 1.58212e-06
-4.30193 1.5968e-06
-4.29893 1.61309e-06
-4.29593 1.63269e-06
-4.29293 1.65719e-06
-4.28993 1.68799e-06
-4.28693 1.72618e-06
-4.28393 1.77254e-06
-4.28093 1.82741e-06
-4.27793 1.89071e-06
-4.27492 1.96195e-06
-4.27192 2.04019e-06
-4.26892 2.12414e-06
-4.26592 2.21219e-06
-4.26292 2.3025e-06
-4.25992 2.39308e-06
-4.25692 2.4819e-06
-4.25392 2.56698e-06
-4.25092 2.64647e-06
-4.24792 2.71876e-06
-4.24491 2.78254e-06
-4.24191 2.83688e-06
-4.23891 2.88122e-06
-4.23591 2.91544e-06
-4.23291 2.93985e-06
-4.22991 2.95513e-06
-4.22691 2.96235e-06
-4.22391 2.96287e-06
-4.22091 2.95829e-06
-4.21791 2.95034e-06
-4.2149 2.94086e-06
-4.2119 2.93166e-06
-4.2089 2.92445e-06
-4.2059 2.92079e-06
-4.2029 2.92199e-06
-4.1999 2.9291e-06
-4.1969 2.94285e-06
-4.1939 2.96363e-06
-4.1909 2.99152e-06
-4.1879 3.02626e-06
-4.18489 3.06734e-06
-4.18189 3.11398e-06
-4.17889 3.16523e-06
-4.17589 3.22005e-06
-4.17289 3.2773e-06
-4.16989 3.3359e-06
-4.16689 3.39484e-06
-4.16389 3.45324e-06
-4.16089 3.51042e-06
-4.15789 3.56595e-06
-4.15488 3.61962e-06
-4.15188 3.67151e-06
-4.14888 3.72196e-06
-4.14588 3.77156e-06
-4.14288 3.82109e-06
-4.13988 3.87154e-06
-4.13688 3.92399e-06
-4.13388 3.97959e-06
-4.13088 4.0395e-06
-4.12788 4.10481e-06
-4.12487 4.17647e-06
-4.12187 4.25529e-06
-4.11887 4.34181e-06
-4.11587 4.43633e-06
-4.11287 4.53887e-06
-4.10987 4.64911e-06
-4.10687 4.76646e-06
-4.10387 4.89003e-06
-4.10087 5.01868e-06
-4.09787 5.15101e-06
-4.09486 5.28549e-06
-4.09186 5.42045e-06
-4.08886 5.55414e-06
-4.08586 5.68486e-06
-4.08286 5.81093e-06
-4.07986 5.93082e-06
-4.07686 6.0432e-06
-4.07386 6.14694e-06
-4.07086 6.2412e-06
-4.06786 6.32542e-06
-4.06485 6.39937e-06
-4.06185 6.46313e-06
-4.05885 6.51709e-06
-4.05585 6.56192e-06
-4.05285 6.59855e-06
-4.04985 6.62814e-06
-4.04685 6.652e-06
-4.04385 6.67157e-06
-4.04085 6.68837e-06
-4.03785 6.7039e-06
-4.03484 6.71964e-06
-4.03184 6.73697e-06
-4.02884 6.75714e-06
-4.02584 6.78123e-06
-4.02284 6.81011e-06
-4.01984 6.84447e-06
-4.01684 6.88475e-06
-4.01384 6.93119e-06
-4.01084 6.98381e-06
-4.00784 7.04247e-06
-4.00483 7.10687e-06
-4.00183 7.17657e-06
-3.99883 7.25109e-06
-3.99583 7.32989e-06
-3.99283 7.41245e-06
-3.98983 7.49826e-06
-3.98683 7.58694e-06
-3.98383 7.6782e-06
-3.98083 7.77187e-06
-3.97783 7.86798e-06
-3.97482 7.96668e-06
-3.97182 8.0683e-06
-3.96882 8.17334e-06
-3.96582 8.28242e-06
-3.96282 8.39627e-06
-3.95982 8.51572e-06
-3.95682 8.64163e-06
-3.95382 8.77485e-06
-3.95082 8.91622e-06
-3.94782 9.06647e-06
-3.94481 9.22621e-06
-3.94181 9.39591e-06
-3.93881 9.57581e-06
-3.93581 9.76596e-06
-3.93281 9.96613e-06
-3.92981 1.01759e-05
-3.92681 1.03945e-05
-3.92381 1.0621e-05
-3.92081 1.08542e-05
-3.91781 1.10928e-05
-3.9148 1.1335e-05
-3.9118 1.15793e-05
-3.9088 1.18239e-05
-3.9058 1.20668e-05
-3.9028 1.23063e-05
-3.8998 1.25406e-05
-3.8968 1.2768e-05
-3.8938 1.2987e-05
-3.8908 1.31963e-05
-3.8878 1.33947e-05
-3.88479 1.35814e-05
-3.88179 1.37558e-05
-3.87879 1.39175e-05
-3.87579 1.40666e-05
-3.87279 1.42032e-05
-3.86979 1.43279e-05
-3.86679 1.44414e-05
-3.86379 1.45447e-05
-3.86079 1.46388e-05
-3.85779 1.47252e-05
-3.85478 1.4805e-05
-3.85178 1.48798e-05
-3.84878 1.49509e-05
-3.84578 1.50199e-05
-3.84278 1.5088e-05
-3.83978 1.51566e-05
-3.83678 1.52268e-05
-3.83378 1.52997e-05
-3.83078 1.53763e-05
-3.82778 1.54572e-05
-3.82477 1.55432e-05
-3.82177 1.56348e-05
-3.81877 1.57323e-05
-3.81577 1.58362e-05
-3.81277 1.59466e-05
-3.80977 1.60637e-05
-3.80677 1.61879e-05
-3.80377 1.63192e-05
-3.80077 1.6458e-05
-3.79777 1.66045e-05
-3.79476 1.67592e-05
-3.79176 1.69226e-05
-3.78876 1.70953e-05
-3.78576 1.72781e-05
-3.78276 1.74718e-05
-3.77976 1.76773e-05
-3.77676 1.78958e-05
-3.77376 1.81282e-05
-3.77076 1.83757e-05
-3.76776 1.86395e-05
-3.76475 1.89205e-05
-3.76175 1.92198e-05
-3.75875 1.95383e-05
-3.75575 1.98766e-05
-3.75275 2.02352e-05
-3.74975 2.06145e-05
-3.74675 2.10144e-05
-3.74375 2.14346e-05
-3.74075 2.18747e-05
-3.73775 2.23335e-05
-3.73474 2.28101e-05
-3.73174 2.33027e-05
-3.72874 2.38097e-05
-3.72574 2.4329e-05
-3.72274 2.48582e-05
-3.71974 2.53949e-05
-3.71674 2.59364e-05
-3.71374 2.64801e-05
-3.71074 2.70231e-05
-3.70774 2.75627e-05
-3.70473 2.80961e-05
-3.70173 2.86209e-05
-3.69873 2.91345e-05
-3.69573 2.96349e-05
-3.69273 3.012e-05
-3.68973 3.05882e-05
-3.68673 3.10382e-05
-3.68373 3.1469e-05
-3.68073 3.18799e-05
-3.67773 3.22705e-05
-3.67472 3.26409e-05
-3.67172 3.29913e-05
-3.66872 3.33225e-05
-3.66572 3.36352e-05
-3.66272 3.39305e-05
-3.65972 3.42098e-05
-3.65672 3.44744e-05
-3.65372 3.4726e-05
-3.65072 3.49661e-05
-3.64772 3.51964e-05
-3.64471 3.54185e-05
-3.64171 3.5634e-05
-3.63871 3.58446e-05
-3.63571 3.60516e-05
-3.63271 3.62566e-05
-3.62971 3.64608e-05
-3.62671 3.66656e-05
-3.62371 3.68719e-05
-3.62071 3.70812e-05
-3.61771 3.72943e-05
-3.6147 3.75125e-05
-3.6117 3.77369e-05
-3.6087 3.79687e-05
-3.6057 3.82092e-05
-3.6027 3.84599e-05
-3.5997 3.87225e-05
-3.5967 3.89987e-05
-3.5937 3.92905e-05
-3.5907 3.96001e-05
-3.5877 3.99301e-05
-3.58469 4.0283e-05
-3.58169 4.06616e-05
-3.57869 4.10691e-05
-3.57569 4.15084e-05
-3.57269 4.1983e-05
-3.56969 4.24959e-05
-3.56669 4.30505e-05
-3.56369 4.365e-05
-3.56069 4.42972e-05
-3.55769 4.49949e-05
-3.55468 4.57456e-05
-3.55168 4.65513e-05
-3.54868 4.74136e-05
-3.54568 4.83336e-05
-3.54268 4.93119e-05
-3.53968 5.03483e-05
-3.53668 5.14421e-05
-3.53368 5.25919e-05
-3.53068 5.37956e-05
-3.52768 5.50504e-05
-3.52467 5.63531e-05
-3.52167 5.76994e-05
-3.51867 5.90849e-05
-3.51567 6.05045e-05
-3.51267 6.19527e-05
-3.50967 6.34235e-05
-3.50667 6.49109e-05
-3.50367 6.64086e-05
-3.50067 6.79103e-05
-3.49767 6.94097e-05
-3.49466 7.09006e-05
-3.49166 7.23772e-05
-3.48866 7.3834e-05
-3.48566 7.52658e-05
-3.48266 7.66679e-05
-3.47966 7.80364e-05
-3.47666 7.93678e-05
-3.47366 8.06593e-05
-3.47066 8.19086e-05
-3.46766 8.31144e-05
-3.46465 8.42758e-05
-3.46165 8.53925e-05
-3.45865 8.64649e-05
-3.45565 8.74939e-05
-3.45265 8.84809e-05
-3.44965 8.94276e-05
-3.44665 9.03361e-05
-3.44365 9.12089e-05
-3.44065 9.20483e-05
-3.43765 9.28572e-05
-3.43464 9.3638e-05
-3.43164 9.43936e-05
-3.42864 9.51266e-05
-3.42564 9.58393e-05
-3.42264 9.65343e-05
-3.41964 9.72138e-05
-3.41664 9.78798e-05
-3.41364 9.85345e-05
-3.41064 9.91798e-05
-3.40764 9.98177e-05
-3.40463 0.00010045
-3.40163 0.000101079
-3.39863 0.000101708
-3.39563 0.000102338
-3.39263 0.000102973
-3.38963 0.000103616
-3.38663 0.000104273
-3.38363 0.000104946
-3.38063 0.000105642
-3.37763 0.000106368
-3.37462 0.00010713
-3.37162 0.000107935
-3.36862 0.000108794
-3.36562 0.000109715
-3.36262 0.000110709
-3.35962 0.000111786
-3.35662 0.000112958
-3.35362 0.000114236
-3.35062 0.000115633
-3.34762 0.000117161
-3.34461 0.000118832
-3.34161 0.000120657
-3.33861 0.000122647
-3.33561 0.000124813
-3.33261 0.000127165
-3.32961 0.00012971
-3.32661 0.000132455
-3.32361 0.000135406
-3.32061 0.000138566
-3.31761 0.000141936
-3.3146 0.000145517
-3.3116 0.000149305
-3.3086 0.000153296
-3.3056 0.000157483
-3.3026 0.000161858
-3.2996 0.000166409
-3.2966 0.000171124
-3.2936 0.000175988
-3.2906 0.000180985
-3.2876 0.000186096
-3.28459 0.000191304
-3.28159 0.000196589
-3.27859 0.000201931
-3.27559 0.000207308
-3.27259 0.000212701
-3.26959 0.00021809
-3.26659 0.000223454
-3.26359 0.000228775
-3.26059 0.000234036
-3.25759 0.000239219
-3.25458 0.000244312
-3.25158 0.0002493
-3.24858 0.000254173
-3.24558 0.000258921
-3.24258 0.000263538
-3.23958 0.000268019
-3.23658 0.000272359
-3.23358 0.00027656
-3.23058 0.000280619
-3.22758 0.000284541
-3.22457 0.000288328
-3.22157 0.000291985
-3.21857 0.000295518
-3.21557 0.000298934
-3.21257 0.000302239
-3.20957 0.00030544
-3.20657 0.000308546
-3.20357 0.000311562
-3.20057 0.000314498
-3.19757 0.000317358
-3.19456 0.000320149
-3.19156 0.000322876
-3.18856 0.000325545
-3.18556 0.000328161
-3.18256 0.000330727
-3.17956 0.000333248
-3.17656 0.000335728
-3.17356 0.000338172
-3.17056 0.000340585
-3.16756 0.000342973
-3.16455 0.000345343
-3.16155 0.000347705
-3.15855 0.000350071
-3.15555 0.000352453
-3.15255 0.000354869
-3.14955 0.000357338
-3.14655 0.000359884
-3.14355 0.000362534
-3.14055 0.000365318
-3.13755 0.000368271
-3.13454 0.000371432
-3.13154 0.000374843
-3.12854 0.000378551
-3.12554 0.000382605
-3.12254 0.000387058
-3.11954 0.000391966
-3.11654 0.000397386
-3.11354 0.000403377
-3.11054 0.000409999
-3.10754 0.000417311
-3.10453 0.00042537
-3.10153 0.000434235
-3.09853 0.000443958
-3.09553 0.000454589
-3.09253 0.000466174
-3.08953 0.000478752
-3.08653 0.000492355
-3.08353 0.00050701
-3.08053 0.000522734
-3.07753 0.000539536
-3.07452 0.000557416
-3.07152 0.000576364
-3.06852 0.00059636
-3.06552 0.000617375
-3.06252 0.000639371
-3.05952 0.000662297
-3.05652 0.000686098
-3.05352 0.000710706
-3.05052 0.000736047
-3.04752 0.000762041
-3.04451 0.000788601
-3.04151 0.000815634
-3.03851 0.000843046
-3.03551 0.000870738
-3.03251 0.000898611
-3.02951 0.000926568
-3.02651 0.00095451
-3.02351 0.000982345
-3.02051 0.00100998
-3.01751 0.00103734
-3.0145 0.00106433
-3.0115 0.00109089
-3.0085 0.00111696
-3.0055 0.00114247
-3.0025 0.0011674
-2.9995 0.00119169
-2.9965 0.00121533
-2.9935 0.0012383
-2.9905 0.00126058
-2.9875 0.00128218
-2.98449 0.00130312
-2.98149 0.00132339
-2.97849 0.00134303
-2.97549 0.00136205
-2.97249 0.0013805
-2.96949 0.00139839
-2.96649 0.00141577
-2.96349 0.00143267
-2.96049 0.00144912
-2.95749 0.00146516
-2.95448 0.00148082
-2.95148 0.00149611
-2.94848 0.00151108
-2.94548 0.00152574
-2.94248 0.00154011
-2.93948 0.00155421
-2.93648 0.00156805
-2.93348 0.00158165
-2.93048 0.00159503
-2.92748 0.0016082
-2.92447 0.00162119
-2.92147 0.00163404
-2.91847 0.00164677
-2.91547 0.00165945
-2.91247 0.00167214
-2.90947 0.00168493
-2.90647 0.00169791
-2.90347 0.00171121
-2.90047 0.00172499
-2.89747 0.00173941
-2.89446 0.00175469
-2.89146 0.00177106
-2.88846 0.00178878
-2.88546 0.00180815
-2.88246 0.00182951
-2.87946 0.00185321
-2.87646 0.00187964
-2.87346 0.00190922
-2.87046 0.00194239
-2.86746 0.00197962
-2.86445 0.00202138
-2.86145 0.00206818
-2.85845 0.00212052
-2.85545 0.00217891
-2.85245 0.00224385
-2.84945 0.00231582
-2.84645 0.00239532
-2.84345 0.00248278
-2.84045 0.00257862
-2.83745 0.00268324
-2.83444 0.00279695
-2.83144 0.00292004
-2.82844 0.00305274
-2.82544 0.00319519
-2.82244 0.00334748
-2.81944 0.00350964
-2.81644 0.00368158
-2.81344 0.00386317
-2.81044 0.00405417
-2.80744 0.00425429
-2.80443 0.00446312
-2.80143 0.0046802
-2.79843 0.00490499
-2.79543 0.00513687
-2.79243 0.00537518
-2.78943 0.00561917
-2.78643 0.00586807
-2.78343 0.00612106
-2.78043 0.00637728
-2.77743 0.00663588
-2.77442 0.00689597
-2.77142 0.00715668
-2.76842 0.00741715
-2.76542 0.00767656
-2.76242 0.0079341
-2.75942 0.00818902
-2.75642 0.00844062
-2.75342 0.00868828
-2.75042 0.00893144
-2.74742 0.0091696
-2.74441 0.00940236
-2.74141 0.00962941
-2.73841 0.0098505
-2.73541 0.0100655
-2.73241 0.0102743
-2.72941 0.0104769
-2.72641 0.0106734
-2.72341 0.010864
-2.72041 0.0110487
-2.71741 0.0112279
-2.7144 0.0114019
-2.7114 0.0115709
-2.7084 0.0117352
-2.7054 0.0118953
-2.7024 0.0120512
-2.6994 0.0122035
-2.6964 0.0123523
-2.6934 0.0124979
-2.6904 0.0126405
-2.6874 0.0127803
-2.68439 0.0129174
-2.68139 0.013052
-2.67839 0.0131843
-2.67539 0.0133143
-2.67239 0.0134423
-2.66939 0.0135684
-2.66639 0.013693
-2.66339 0.0138164
-2.66039 0.0139391
-2.65739 0.014062
-2.65438 0.0141859
-2.65138 0.0143121
-2.64838 0.0144421
-2.64538 0.0145779
-2.64238 0.0147218
-2.63938 0.0148766
-2.63638 0.0150457
-2.63338 0.015233
-2.63038 0.0154429
-2.62738 0.0156808
-2.62437 0.0159525
-2.62137 0.0162645
-2.61837 0.0166241
-2.61537 0.0170395
-2.61237 0.0175193
-2.60937 0.0180732
-2.60637 0.0187113
-2.60337 0.0194445
-2.60037 0.0202843
-2.59737 0.0212427
-2.59436 0.0223322
-2.59136 0.0235657
-2.58836 0.0249563
-2.58536 0.0265173
-2.58236 0.0282619
-2.57936 0.0302033
-2.57636 0.0323543
-2.57336 0.0347273
-2.57036 0.0373341
-2.56736 0.0401856
-2.56435 0.0432918
-2.56135 0.0466615
-2.55835 0.0503023
-2.55535 0.0542201
-2.55235 0.0584193
-2.54935 0.0629024
-2.54635 0.0676702
-2.54335 0.0727212
-2.54035 0.078052
-2.53735 0.0836568
-2.53434 0.0895279
-2.53134 0.095655
-2.52834 0.102026
-2.52534 0.108626
-2.52234 0.115439
-2.51934 0.122446
-2.51634 0.129627
-2.51334 0.136961
-2.51034 0.144424
-2.50734 0.151991
-2.50433 0.159638
-2.50133 0.167339
-2.49833 0.175067
-2.49533 0.182798
-2.49233 0.190506
-2.48933 0.198166
-2.48633 0.205755
-2.48333 0.21325
-2.48033 0.220632
-2.47733 0.227882
-2.47432 0.234984
-2.47132 0.241925
-2.46832 0.248694
-2.46532 0.255282
-2.46232 0.261685
-2.45932 0.267899
-2.45632 0.273924
-2.45332 0.279763
-2.45032 0.285421
-2.44732 0.290904
-2.44431 0.29622
-2.44131 0.301379
-2.43831 0.30639
-2.43531 0.311266
-2.43231 0.316015
-2.42931 0.320649
-2.42631 0.325177
-2.42331 0.329606
-2.42031 0.333944
-2.41731 0.338196
-2.4143 0.342367
-2.4113 0.346463
-2.4083 0.350489
-2.4053 0.354451
-2.4023 0.358362
-2.3993 0.362238
-2.3963 0.366108
-2.3933 0.370011
-2.3903 0.374005
-2.3873 0.378174
-2.38429 0.38263
-2.38129 0.387525
-2.37829 0.393057
-2.37529 0.399484
-2.37229 0.407136
-2.36929 0.416426
-2.36629 0.427869
-2.36329 0.442097
-2.36029 0.459884
-2.35729 0.482161
-2.35428 0.510046
-2.35128 0.544867
-2.34828 0.588198
-2.34528 0.641882
-2.34228 0.708072
-2.33928 0.789271
-2.33628 0.888365
-2.33328 1.00867
-2.33028 1.154
-2.32728 1.32866
-2.32427 1.53758
-2.32127 1.7863
-2.31827 2.08107
-2.31527 2.42889
-2.31227 2.83762
-2.30927 3.31598
-2.30627 3.87369
-2.30327 4.52149
-2.30027 5.27127
-2.29727 6.1361
-2.29426 7.13034
-2.29126 8.26974
-2.28826 9.5715
-2.28526 11.0544
-2.28226 12.7387
-2.27926 14.6466
-2.27626 16.8021
-2.27326 19.231
-2.27026 21.961
-2.26726 25.0223
-2.26425 28.4468
-2.26125 32.2691
-2.25825 36.5259
-2.25525 41.2564
-2.25225 46.5024
-2.24925 52.3082
-2.24625 58.7209
-2.24325 65.7903
-2.24025 73.5691
-2.23725 82.1126
-2.23424 91.4795
-2.23124 101.731
-2.22824 112.932
-2.22524 125.149
-2.22224 138.453
-2.21924 152.918
-2.21624 168.621
-2.21324 185.641
-2.21024 204.061
-2.20724 223.967
-2.20423 245.448
-2.20123 268.596
-2.19823 293.505
-2.19523 320.274
-2.19223 349.002
-2.18923 379.793
-2.18623 412.751
-2.18323 447.984
-2.18023 485.604
-2.17723 525.721
-2.17422 568.451
-2.17122 613.908
-2.16822 662.211
-2.16522 713.477
-2.16222 767.828
-2.15922 825.385
-2.15622 886.268
-2.15322 950.6
-2.15022 1018.5
-2.14722 1090.1
-2.14421 1165.51
-2.14121 1244.86
-2.13821 1328.27
-2.13521 1415.85
-2.13221 1507.73
-2.12921 1604.02
-2.12621 1704.83
-2.12321 1810.28
-2.12021 1920.48
-2.11721 2035.52
-2.1142 2155.52
-2.1112 2280.57
-2.1082 2410.76
-2.1052 2546.19
-2.1022 2686.95
-2.0992 2833.11
-2.0962 2984.75
-2.0932 3141.94
-2.0902 3304.74
-2.0872 3473.23
-2.08419 3647.43
-2.08119 3827.42
-2.07819 4013.22
-2.07519 4204.87
-2.07219 4402.39
-2.06919 4605.8
-2.06619 4815.12
-2.06319 5030.35
-2.06019 5251.49
-2.05719 5478.52
-2.05418 5711.43
-2.05118 5950.2
-2.04818 6194.77
-2.04518 6445.13
-2.04218 6701.21
-2.03918 6962.96
-2.03618 7230.32
-2.03318 7503.21
-2.03018 7781.54
-2.02718 8065.25
-2.02417 8354.22
-2.02117 8648.36
-2.01817 8947.56
-2.01517 9251.7
-2.01217 9560.66
-2.00917 9874.31
-2.00617 10192.5
-2.00317 10515.1
-2.00017 10842
-1.99717 11173.1
-1.99416 11508
-1.99116 11846.8
-1.98816 12189.2
-1.98516 12535.1
-1.98216 12884.3
-1.97916 13236.6
-1.97616 13591.8
-1.97316 13949.8
-1.97016 14310.4
-1.96716 14673.4
-1.96415 15038.5
-1.96115 15405.7
-1.95815 15774.7
-1.95515 16145.3
-1.95215 16517.4
-1.94915 16890.8
-1.94615 17265.2
-1.94315 17640.5
-1.94015 18016.5
-1.93715 18393
-1.93414 18769.9
-1.93114 19146.9
-1.92814 19523.9
-1.92514 19900.7
-1.92214 20277.1
-1.91914 20653.1
-1.91614 21028.3
-1.91314 21402.7
-1.91014 21776.1
-1.90714 22148.3
-1.90413 22519.3
-1.90113 22888.8
-1.89813 23256.8
-1.89513 23623.1
-1.89213 23987.5
-1.88913 24350.1
-1.88613 24710.5
-1.88313 25068.9
-1.88013 25424.9
-1.87713 25778.7
-1.87412 26129.9
-1.87112 26478.7
-1.86812 26824.8
-1.86512 27168.3
-1.86212 27509
-1.85912 27846.9
-1.85612 28182
-1.85312 28514.1
-1.85012 28843.3
-1.84712 29169.5
-1.84411 29492.6
-1.84111 29812.7
-1.83811 30129.7
-1.83511 30443.6
-1.83211 30754.3
-1.82911 31061.9
-1.82611 31366.4
-1.82311 31667.7
-1.82011 31965.9
-1.81711 32260.9
-1.8141 32552.8
-1.8111 32841.5
-1.8081 33127.2
-1.8051 33409.7
-1.8021 33689.2
-1.7991 33965.7
-1.7961 34239.1
-1.7931 34509.5
-1.7901 34776.9
-1.7871 35041.5
-1.78409 35303.1
-1.78109 35561.8
-1.77809 35817.8
-1.77509 36070.9
-1.77209 36321.3
-1.76909 36569.1
-1.76609 36814.1
-1.76309 37056.5
-1.76009 37296.3
-1.75709 37533.7
-1.75408 37768.5
-1.75108 38000.8
-1.74808 38230.8
-1.74508 38458.4
-1.74208 38683.7
-1.73908 38906.7
-1.73608 39127.5
-1.73308 39346.1
-1.73008 39562.5
-1.72708 39776.9
-1.72407 39989.2
-1.72107 40199.5
-1.71807 40407.8
-1.71507 40614.2
-1.71207 40818.7
-1.70907 41021.3
-1.70607 41222.1
-1.70307 41421.1
-1.70007 41618.3
-1.69707 41813.9
-1.69406 42007.8
-1.69106 42200
-1.68806 42390.6
-1.68506 42579.6
-1.68206 42767.1
-1.67906 42953
-1.67606 43137.5
-1.67306 43320.5
-1.67006 43502.1
-1.66706 43682.2
-1.66405 43861
-1.66105 44038.4
-1.65805 44214.4
-1.65505 44389.2
-1.65205 44562.7
-1.64905 44734.9
-1.64605 44905.8
-1.64305 45075.5
-1.64005 45244.1
-1.63705 45411.4
-1.63404 45577.6
-1.63104 45742.6
-1.62804 45906.5
-1.62504 46069.2
-1.62204 46230.9
-1.61904 46391.5
-1.61604 46551
-1.61304 46709.5
-1.61004 46866.9
-1.60704 47023.3
-1.60403 47178.7
-1.60103 47333.1
-1.59803 47486.5
-1.59503 47638.9
-1.59203 47790.4
-1.58903 47941
-1.58603 48090.6
-1.58303 48239.2
-1.58003 48387
-1.57703 48533.9
-1.57402 48679.9
-1.57102 48825
-1.56802 48969.2
-1.56502 49112.5
-1.56202 49255.1
-1.55902 49396.7
-1.55602 49537.6
-1.55302 49677.6
-1.55002 49816.8
-1.54702 49955.2
-1.54401 50092.8
-1.54101 50229.6
-1.53801 50365.6
-1.53501 50500.9
-1.53201 50635.4
-1.52901 50769.1
-1.52601 50902.1
-1.52301 51034.4
-1.52001 51165.9
-1.51701 51296.7
-1.514 51426.8
-1.511 51556.1
-1.508 51684.8
-1.505 51812.7
-1.502 51940
-1.499 52066.5
-1.496 52192.4
-1.493 52317.6
-1.49 52442.2
-1.487 52566.1
-1.48399 52689.3
-1.48099 52811.9
-1.47799 52933.8
-1.47499 53055.1
-1.47199 53175.7
-1.46899 53295.8
-1.46599 53415.2
-1.46299 53533.9
-1.45999 53652.1
-1.45699 53769.7
-1.45398 53886.6
-1.45098 54003
-1.44798 54118.8
-1.44498 54234
-1.44198 54348.6
-1.43898 54462.6
-1.43598 54576
-1.43298 54688.9
-1.42998 54801.2
-1.42698 54913
-1.42397 55024.2
-1.42097 55134.8
-1.41797 55244.9
-1.41497 55354.5
-1.41197 55463.5
-1.40897 55571.9
-1.40597 55679.9
-1.40297 55787.3
-1.39997 55894.2
-1.39697 56000.6
-1.39396 56106.4
-1.39096 56211.8
-1.38796 56316.6
-1.38496 56420.9
-1.38196 56524.7
-1.37896 56628.1
-1.37596 56730.9
-1.37296 56833.2
-1.36996 56935.1
-1.36696 57036.4
-1.36395 57137.3
-1.36095 57237.7
-1.35795 57337.7
-1.35495 57437.1
-1.35195 57536.1
-1.34895 57634.6
-1.34595 57732.7
-1.34295 57830.3
-1.33995 57927.4
-1.33695 58024.1
-1.33394 58120.4
-1.33094 58216.2
-1.32794 58311.5
-1.32494 58406.4
-1.32194 58500.9
-1.31894 58594.9
-1.31594 58688.5
-1.31294 58781.7
-1.30994 58874.4
-1.30694 58966.7
-1.30393 59058.6
-1.30093 59150.1
-1.29793 59241.1
-1.29493 59331.7
-1.29193 59422
-1.28893 59511.8
-1.28593 59601.2
-1.28293 59690.2
-1.27993 59778.7
-1.27693 59866.9
-1.27392 59954.7
-1.27092 60042.1
-1.26792 60129.1
-1.26492 60215.7
-1.26192 60301.9
-1.25892 60387.8
-1.25592 60473.2
-1.25292 60558.3
-1.24992 60642.9
-1.24692 60727.2
-1.24391 60811.2
-1.24091 60894.7
-1.23791 60977.9
-1.23491 61060.7
-1.23191 61143.1
-1.22891 61225.2
-1.22591 61306.9
-1.22291 61388.2
-1.21991 61469.2
-1.21691 61549.8
-1.2139 61630.1
-1.2109 61710
-1.2079 61789.6
-1.2049 61868.8
-1.2019 61947.6
-1.1989 62026.1
-1.1959 62104.3
-1.1929 62182.1
-1.1899 62259.6
-1.1869 62336.7
-1.18389 62413.5
-1.18089 62490
-1.17789 62566.1
-1.17489 62641.9
-1.17189 62717.3
-1.16889 62792.4
-1.16589 62867.2
-1.16289 62941.7
-1.15989 63015.8
-1.15689 63089.7
-1.15388 63163.1
-1.15088 63236.3
-1.14788 63309.2
-1.14488 63381.7
-1.14188 63453.9
-1.13888 63525.8
-1.13588 63597.4
-1.13288 63668.7
-1.12988 63739.6
-1.12688 63810.3
-1.12387 63880.6
-1.12087 63950.7
-1.11787 64020.4
-1.11487 64089.8
-1.11187 64158.9
-1.10887 64227.8
-1.10587 64296.3
-1.10287 64364.5
-1.09987 64432.4
-1.09687 64500.1
-1.09386 64567.4
-1.09086 64634.4
-1.08786 64701.2
-1.08486 64767.6
-1.08186 64833.8
-1.07886 64899.7
-1.07586 64965.3
-1.07286 65030.6
-1.06986 65095.6
-1.06686 65160.4
-1.06385 65224.8
-1.06085 65289
-1.05785 65352.9
-1.05485 65416.5
-1.05185 65479.9
-1.04885 65542.9
-1.04585 65605.7
-1.04285 65668.2
-1.03985 65730.5
-1.03685 65792.4
-1.03384 65854.1
-1.03084 65915.6
-1.02784 65976.7
-1.02484 66037.6
-1.02184 66098.2
-1.01884 66158.6
-1.01584 66218.7
-1.01284 66278.5
-1.00984 66338.1
-1.00684 66397.4
-1.00383 66456.5
-1.00083 66515.2
-0.997833 66573.8
-0.994832 66632
-0.991831 66690.1
-0.98883 66747.8
-0.985829 66805.3
-0.982828 66862.6
-0.979827 66919.6
-0.976826 66976.3
-0.973825 67032.8
-0.970824 67089.1
-0.967823 67145.1
-0.964822 67200.8
-0.961821 67256.3
-0.95882 67311.6
-0.955819 67366.6
-0.952818 67421.4
-0.949817 67475.9
-0.946816 67530.2
-0.943815 67584.2
-0.940814 67638
-0.937813 67691.6
-0.934812 67744.9
-0.931811 67798
-0.92881 67850.8
-0.925809 67903.4
-0.922808 67955.8
-0.919807 68007.9
-0.916806 68059.8
-0.913805 68111.5
-0.910804 68162.9
-0.907803 68214.1
-0.904802 68265.1
-0.901801 68315.8
-0.8988 68366.3
-0.895799 68416.6
-0.892798 68466.7
-0.889797 68516.5
-0.886796 68566.1
-0.883795 68615.5
-0.880794 68664.6
-0.877793 68713.5
-0.874792 68762.2
-0.871791 68810.7
-0.86879 68859
-0.865789 68907
-0.862788 68954.8
-0.859787 69002.4
-0.856786 69049.8
-0.853785 69096.9
-0.850784 69143.9
-0.847783 69190.6
-0.844782 69237.1
-0.841781 69283.4
-0.83878 69329.4
-0.835779 69375.3
-0.832778 69420.9
-0.829777 69466.4
-0.826776 69511.6
-0.823775 69556.6
-0.820774 69601.4
-0.817773 69646
-0.814772 69690.3
-0.811771 69734.5
-0.80877 69778.4
-0.805769 69822.2
-0.802768 69865.7
-0.799767 69909
-0.796766 69952.2
-0.793765 69995.1
-0.790764 70037.8
-0.787763 70080.3
-0.784762 70122.6
-0.781761 70164.7
-0.77876 70206.6
-0.775759 70248.2
-0.772758 70289.7
-0.769757 70331
-0.766756 70372.1
-0.763755 70413
-0.760754 70453.7
-0.757753 70494.2
-0.754752 70534.4
-0.751751 70574.5
-0.74875 70614.4
-0.745749 70654.1
-0.742748 70693.6
-0.739747 70732.9
-0.736746 70772
-0.733745 70810.9
-0.730744 70849.6
-0.727743 70888.1
-0.724742 70926.5
-0.721741 70964.6
-0.71874 71002.5
-0.715739 71040.3
-0.712738 71077.9
-0.709737 71115.2
-0.706736 71152.4
-0.703735 71189.4
-0.700734 71226.2
-0.697733 71262.8
-0.694732 71299.2
-0.691731 71335.4
-0.68873 71371.5
-0.685729 71407.3
-0.682728 71443
-0.679727 71478.5
-0.676726 71513.7
-0.673725 71548.8
-0.670724 71583.8
-0.667723 71618.5
-0.664722 71653.1
-0.661721 71687.4
-0.65872 71721.6
-0.655719 71755.6
-0.652718 71789.4
-0.649717 71823.1
-0.646716 71856.5
-0.643715 71889.8
-0.640714 71922.9
-0.637713 71955.8
-0.634712 71988.5
-0.631711 72021.1
-0.62871 72053.5
-0.625709 72085.6
-0.622708 72117.7
-0.619707 72149.5
-0.616706 72181.2
-0.613705 72212.6
-0.610704 72243.9
-0.607703 72275.1
-0.604702 72306
-0.601701 72336.8
-0.5987 72367.4
-0.595699 72397.8
-0.592698 72428.1
-0.589697 72458.1
-0.586696 72488
-0.583695 72517.8
-0.580694 72547.3
-0.577693 72576.7
-0.574692 72605.9
-0.571691 72634.9
-0.56869 72663.8
-0.565689 72692.5
-0.562688 72721
-0.559687 72749.4
-0.556686 72777.5
-0.553685 72805.5
-0.550684 72833.4
-0.547683 72861
-0.544682 72888.5
-0.541681 72915.9
-0.53868 72943
-0.535679 72970
-0.532678 72996.8
-0.529677 73023.5
-0.526676 73050
-0.523675 73076.3
-0.520674 73102.5
-0.517673 73128.4
-0.514672 73154.3
-0.511671 73179.9
-0.50867 73205.4
-0.505669 73230.7
-0.502668 73255.9
-0.499667 73280.9
-0.496666 73305.7
-0.493665 73330.4
-0.490664 73354.9
-0.487663 73379.2
-0.484662 73403.4
-0.481661 73427.4
-0.47866 73451.2
-0.475659 73474.9
-0.472658 73498.4
-0.469657 73521.8
-0.466656 73545
-0.463655 73568
-0.460654 73590.9
-0.457653 73613.6
-0.454652 73636.1
-0.451651 73658.5
-0.44865 73680.8
-0.445649 73702.8
-0.442648 73724.7
-0.439647 73746.5
-0.436646 73768.1
-0.433645 73789.5
-0.430644 73810.8
-0.427643 73831.9
-0.424642 73852.8
-0.421641 73873.6
-0.41864 73894.3
-0.415639 73914.7
-0.412638 73935.1
-0.409637 73955.2
-0.406636 73975.2
-0.403635 73995.1
-0.400634 74014.8
-0.397633 74034.3
-0.394632 74053.7
-0.391631 74072.9
-0.38863 74092
-0.385629 74110.9
-0.382628 74129.7
-0.379627 74148.3
-0.376626 74166.7
-0.373625 74185
-0.370624 74203.1
-0.367623 74221.1
-0.364622 74239
-0.361621 74256.6
-0.35862 74274.2
-0.355619 74291.5
-0.352618 74308.7
-0.349617 74325.8
-0.346616 74342.7
-0.343615 74359.5
-0.340614 74376.1
-0.337613 74392.5
-0.334612 74408.8
-0.331611 74424.9
-0.32861 74440.9
-0.325609 74456.8
-0.322608 74472.5
-0.319607 74488
-0.316606 74503.4
-0.313605 74518.6
-0.310604 74533.7
-0.307603 74548.6
-0.304602 74563.4
-0.301601 74578
-0.2986 74592.5
-0.295599 74606.8
-0.292598 74621
-0.289597 74635.1
-0.286596 74648.9
-0.283595 74662.7
-0.280594 74676.2
-0.277593 74689.7
-0.274592 74702.9
-0.271591 74716.1
-0.26859 74729.1
-0.265589 74741.9
-0.262588 74754.6
-0.259587 74767.1
-0.256586 74779.5
-0.253585 74791.7
-0.250584 74803.8
-0.247583 74815.8
-0.244582 74827.6
-0.241581 74839.2
-0.23858 74850.7
-0.235579 74862.1
-0.232578 74873.3
-0.229577 74884.3
-0.226576 74895.2
-0.223575 74906
-0.220574 74916.6
-0.217573 74927.1
-0.214572 74937.4
-0.211571 74947.6
-0.20857 74957.6
-0.205569 74967.5
-0.202568 74977.2
-0.199567 74986.8
-0.196566 74996.2
-0.193565 75005.5
-0.190564 75014.7
-0.187563 75023.7
-0.184562 75032.5
-0.181561 75041.2
-0.17856 75049.8
-0.175559 75058.2
-0.172558 75066.5
-0.169557 75074.6
-0.166556 75082.6
-0.163555 75090.4
-0.160554 75098.1
-0.157553 75105.7
-0.154552 75113.1
-0.151551 75120.3
-0.14855 75127.5
-0.145549 75134.4
-0.142548 75141.2
-0.139547 75147.9
-0.136546 75154.5
-0.133545 75160.8
-0.130544 75167.1
-0.127543 75173.2
-0.124542 75179.1
-0.121541 75185
-0.11854 75190.6
-0.115539 75196.1
-0.112538 75201.5
-0.109537 75206.8
-0.106536 75211.8
-0.103535 75216.8
-0.100534 75221.6
-0.0975325 75226.3
-0.0945315 75230.8
-0.0915305 75235.1
-0.0885295 75239.4
-0.0855285 75243.5
-0.0825275 75247.4
-0.0795265 75251.2
-0.0765255 75254.8
-0.0735245 75258.3
-0.0705235 75261.7
-0.0675225 75264.9
-0.0645215 75268
-0.0615205 75271
-0.0585195 75273.7
-0.0555185 75276.4
-0.0525175 75278.9
-0.0495165 75281.3
-0.0465155 75283.5
-0.0435145 75285.6
-0.0405135 75287.5
-0.0375125 75289.3
-0.0345115 75290.9
-0.0315105 75292.4
-0.0285095 75293.8
-0.0255085 75295
-0.0225075 75296.1
-0.0195065 75297
-0.0165055 75297.8
-0.0135045 75298.4
-0.0105035 75298.9
-0.0075025 75299.3
-0.0045015 75299.5
-0.0015005 75299.6
0.0015005 75299.5
0.0045015 75299.3
0.0075025 75298.9
0.0105035 75298.4
0.0135045 75297.8
0.0165055 75297
0.0195065 75296.1
0.0225075 75295
0.0255085 75293.8
0.0285095 75292.4
0.0315105 75290.9
0.0345115 75289.3
0.0375125 75287.5
0.0405135 75285.6
0.0435145 75283.5
0.0465155 75281.3
0.0495165 75278.9
0.0525175 75276.4
0.0555185 75273.7
0.0585195 75271
0.0615205 75268
0.0645215 75264.9
0.0675225 75261.7
0.0705235 75258.3
0.0735245 75254.8
0.0765255 75251.2
0.0795265 75247.4
0.0825275 75243.5
0.0855285 75239.4
0.0885295 75235.1
0.0915305 75230.8
0.0945315 75226.3
0.0975325 75221.6
0.100534 75216.8
0.103535 75211.8
0.106536 75206.8
0.109537 75201.5
0.112538 75196.1
0.115539 75190.6
0.11854 75185
0.121541 75179.1
0.124542 75173.2
0.127543 75167.1
0.130544 75160.8
0.133545 75154.5
0.136546 75147.9
0.139547 75141.2
0.142548 75134.4
0.145549 75127.5
0.14855 75120.3
0.151551 75113.1
0.154552 75105.7
0.157553 75098.1
0.160554 75090.4
0.163555 75082.6
0.166556 75074.6
0.169557 75066.5
0.172558 75058.2
0.175559 75049.8
0.17856 75041.2
0.181561 75032.5
0.184562 75023.7
0.187563 75014.7
0.190564 75005.5
0.193565 74996.2
0.196566 74986.8
0.199567 74977.2
0.202568 74967.5
0.205569 74957.6
0.20857 74947.6
0.211571 74937.4
0.214572 74927.1
0.217573 74916.6
0.220574 74906
0.223575 74895.2
0.226576 74884.3
0.229577 74873.3
0.232578 74862.1
0.235579 74850.7
0.23858 74839.2
0.241581 74827.6
0.244582 74815.8
0.247583 74803.8
0.250584 74791.7
0.253585 74779.5
0.256586 74767.1
0.259587 74754.6
0.262588 74741.9
0.265589 74729.1
0.26859 74716.1
0.271591 74702.9
0.274592 74689.7
0.277593 74676.2
0.280594 74662.7
0.283595 74648.9
0.286596 74635.1
0.289597 74621
0.292598 74606.8
0.295599 74592.5
0.2986 74578
0.301601 74563.4
0.304602 74548.6
0.307603 74533.7
0.310604 74518.6
0.313605 74503.4
0.316606 74488
0.319607 74472.5
0.322608 74456.8
0.325609 74440.9
0.32861 74424.9
0.331611 74408.8
0.334612 74392.5
0.337613 74376.1
0.340614 74359.5
0.343615 74342.7
0.346616 74325.8
0.349617 74308.7
0.352618 74291.5
0.355619 74274.2
0.35862 74256.6
0.361621 74239
0.364622 74221.1
0.367623 74203.1
0.370624 74185
0.373625 74166.7
0.376626 74148.3
0.379627 74129.7
0.382628 74110.9
0.385629 74092
0.38863 74072.9
0.391631 74053.7
0.394632 74034.3
0.397633 74014.8
0.400634 73995.1
0.403635 73975.2
0.406636 73955.2
0.409637 73935.1
0.412638 73914.7
0.415639 73894.3
0.41864 73873.6
0.421641 73852.8
0.424642 73831.9
0.427643 73810.8
0.430644 73789.5
0.433645 73768.1
0.436646 73746.5
0.439647 73724.7
0.442648 73702.8
0.445649 73680.8
0.44865 73658.5
0.451651 73636.1
0.454652 73613.6
0.457653 73590.9
0.460654 73568
0.463655 73545
0.466656 73521.8
0.469657 73498.4
0.472658 73474.9
0.475659 73451.2
0.47866 73427.4
0.481661 73403.4
0.484662 73379.2
0.487663 73354.9
0.490664 73330.4
0.493665 73305.7
0.496666 73280.9
0.499667 73255.9
0.502668 73230.7
0.505669 73205.4
0.50867 73179.9
0.511671 73154.3
0.514672 73128.4
0.517673 73102.5
0.520674 73076.3
0.523675 73050
0.526676 73023.5
0.529677 72996.8
0.532678 72970
0.535679 72943
0.53868 72915.9
0.541681 72888.5
0.544682 72861
0.547683 72833.4
0.550684 72805.5
0.553685 72777.5
0.556686 72749.4
0.559687 72721
0.562688 72692.5
0.565689 72663.8
0.56869 72634.9
0.571691 72605.9
0.574692 72576.7
0.577693 72547.3
0.580694 72517.8
0.583695 72488
0.586696 72458.1
0.589697 72428.1
0.592698 72397.8
0.595699 72367.4
0.5987 72336.8
0.601701 72306
0.604702 72275.1
0.607703 72243.9
0.610704 72212.6
0.613705 72181.2
0.616706 72149.5
0.619707 72117.7
0.622708 72085.6
0.625709 72053.5
0.62871 72021.1
0.631711 71988.5
0.634712 71955.8
0.637713 71922.9
0.640714 71889.8
0.643715 71856.5
0.646716 71823.1
0.649717 71789.4
0.652718 71755.6
0.655719 71721.6
0.65872 71687.4
0.661721 71653.1
0.664722 71618.5
0.667723 71583.8
0.670724 71548.8
0.673725 71513.7
0.676726 71478.5
0.679727 71443
0.682728 71407.3
0.685729 71371.5
0.68873 71335.4
0.691731 71299.2
0.694732 71262.8
0.697733 71226.2
0.700734 71189.4
0.703735 71152.4
0.706736 71115.2
0.709737 71077.9
0.712738 71040.3
0.715739 71002.5
0.71874 70964.6
0.721741 70926.5
0.724742 70888.1
0.727743 70849.6
0.730744 70810.9
0.733745 70772
0.736746 70732.9
0.739747 70693.6
0.742748 70654.1
0.745749 70614.4
0.74875 70574.5
0.751751 70534.4
0.754752 70494.2
0.757753 70453.7
0.760754 70413
0.763755 70372.1
0.766756 70331
0.769757 70289.7
0.772758 70248.2
0.775759 70206.6
0.77876 70164.7
0.781761 70122.6
0.784762 70080.3
0.787763 70037.8
0.790764 69995.1
0.793765 69952.2
0.796766 69909
0.799767 69865.7
0.802768 69822.2
0.805769 69778.4
0.80877 69734.5
0.811771 69690.3
0.814772 69646
0.817773 69601.4
0.820774 69556.6
0.823775 69511.6
0.826776 69466.4
0.829777 69420.9
0.832778 69375.3
0.835779 69329.4
0.83878 69283.4
0.841781 69237.1
0.844782 69190.6
0.847783 69143.9
0.850784 69096.9
0.853785 69049.8
0.856786 69002.4
0.859787 68954.8
0.862788 68907
0.865789 68859
0.86879 68810.7
0.871791 68762.2
0.874792 68713.5
0.877793 68664.6
0.880794 68615.5
0.883795 68566.1
0.886796 68516.5
0.889797 68466.7
0.892798 68416.6
0.895799 68366.3
0.8988 68315.8
0.901801 68265.1
0.904802 68214.1
0.907803 68162.9
0.910804 68111.5
0.913805 68059.8
0.916806 68007.9
0.919807 67955.8
0.922808 67903.4
0.925809 67850.8
0.92881 67798
0.931811 67744.9
0.934812 67691.6
0.937813 67638
0.940814 67584.2
0.943815 67530.2
0.946816 67475.9
0.949817 67421.4
0.952818 67366.6
0.955819 67311.6
0.95882 67256.3
0.961821 67200.8
0.964822 67145.1
0.967823 67089.1
0.970824 67032.8
0.973825 66976.3
0.976826 66919.6
0.979827 66862.6
0.982828 66805.3
0.985829 66747.8
0.98883 66690.1
0.991831 66632
0.994832 66573.8
0.997833 66515.2
1.00083 66456.5
1.00383 66397.4
1.00684 66338.1
1.00984 66278.5
1.01284 66218.7
1.01584 66158.6
1.01884 66098.2
1.02184 66037.6
1.02484 65976.7
1.02784 65915.6
1.03084 65854.1
1.03384 65792.4
1.03685 65730.5
1.03985 65668.2
1.04285 65605.7
1.04585 65542.9
1.04885 65479.9
1.05185 65416.5
1.05485 65352.9
1.05785 65289
1.06085 65224.8
1.06385 65160.4
1.06686 65095.6
1.06986 65030.6
1.07286 64965.3
1.07586 64899.7
1.07886 64833.8
1.08186 64767.6
1.08486 64701.2
1.08786 64634.4
1.09086 64567.4
1.09386 64500.1
1.09687 64432.4
1.09987 64364.5
1.10287 64296.3
1.10587 64227.8
1.10887 64158.9
1.11187 64089.8
1.11487 64020.4
1.11787 63950.7
1.12087 63880.6
1.12387 63810.3
1.12688 63739.6
1.12988 63668.7
1.13288 63597.4
1.13588 63525.8
1.13888 63453.9
1.14188 63381.7
1.14488 63309.2
1.14788 63236.3
1.15088 63163.1
1.15388 63089.7
1.15689 63015.8
1.15989 62941.7
1.16289 62867.2
1.16589 62792.4
1.16889 62717.3
1.17189 62641.9
1.17489 62566.1
1.17789 62490
1.18089 62413.5
1.18389 62336.7
1.1869 62259.6
1.1899 62182.1
1.1929 62104.3
1.1959 62026.1
1.1989 61947.6
1.2019 61868.8
1.2049 61789.6
1.2079 61710
1.2109 61630.1
1.2139 61549.8
1.21691 61469.2
1.21991 61388.2
1.22291 61306.9
1.22591 61225.2
1.22891 61143.1
1.23191 61060.7
1.23491 60977.9
1.23791 60894.7
1.24091 60811.2
1.24391 60727.2
1.24692 60642.9
1.24992 60558.3
1.25292 60473.2
1.25592 60387.8
1.25892 60301.9
1.26192 60215.7
1.26492 60129.1
1.26792 60042.1
1.27092 59954.7
1.27392 59866.9
1.27693 59778.7
1.27993 59690.2
1.28293 59601.2
1.28593 59511.8
1.28893 59422
1.29193 59331.7
1.29493 59241.1
1.29793 59150.1
1.30093 59058.6
1.30393 58966.7
1.30694 58874.4
1.30994 58781.7
1.31294 58688.5
1.31594 58594.9
1.31894 58500.9
1.32194 58406.4
1.32494 58311.5
1.32794 58216.2
1.33094 58120.4
1.33394 58024.1
1.33695 57927.4
1.33995 57830.3
1.34295 57732.7
1.34595 57634.6
1.34895 57536.1
1.35195 57437.1
1.35495 57337.7
1.35795 57237.7
1.36095 57137.3
1.36395 57036.4
1.36696 56935.1
1.36996 56833.2
1.37296 56730.9
1.37596 56628.1
1.37896 56524.7
1.38196 56420.9
1.38496 56316.6
1.38796 56211.8
1.39096 56106.4
1.39396 56000.6
1.39697 55894.2
1.39997 55787.3
1.40297 55679.9
1.40597 55571.9
1.40897 55463.5
1.41197 55354.5
1.41497 55244.9
1.41797 55134.8
1.42097 55024.2
1.42397 54913
1.42698 54801.2
1.42998 54688.9
1.43298 54576
1.43598 54462.6
1.43898 54348.6
1.44198 54234
1.44498 54118.8
1.44798 54003
1.45098 53886.6
1.45398 53769.7
1.45699 53652.1
1.45999 53533.9
1.46299 53415.2
1.46599 53295.8
1.46899 53175.7
1.47199 53055.1
1.47499 52933.8
1.47799 52811.9
1.48099 52689.3
1.48399 52566.1
1.487 52442.2
1.49 52317.6
1.493 52192.4
1.496 52066.5
1.499 51940
1.502 51812.7
1.505 51684.8
1.508 51556.1
1.511 51426.8
1.514 51296.7
1.51701 51165.9
1.52001 51034.4
1.52301 50902.1
1.52601 50769.1
1.52901 50635.4
1.53201 50500.9
1.53501 50365.6
1.53801 50229.6
1.54101 50092.8
1.54401 49955.2
1.54702 49816.8
1.55002 49677.6
1.55302 49537.6
1.55602 49396.7
1.55902 49255.1
1.56202 49112.5
1.56502 48969.2
1.56802 48825
1.57102 48679.9
1.57402 48533.9
1.57703 48387
1.58003 48239.2
1.58303 48090.6
1.58603 47941
1.58903 47790.4
1.59203 47638.9
1.59503 47486.5
1.59803 47333.1
1.60103 47178.7
1.60403 47023.3
1.60704 46866.9
1.61004 46709.5
1.61304 46551
1.61604 46391.5
1.61904 46230.9
1.62204 46069.2
1.62504 45906.5
1.62804 45742.6
1.63104 45577.6
1.63404 45411.4
1.63705 45244.1
1.64005 45075.5
1.64305 44905.8
1.64605 44734.9
1.64905 44562.7
1.65205 44389.2
1.65505 44214.4
1.65805 44038.4
1.66105 43861
1.66405 43682.2
1.66706 43502.1
1.67006 43320.5
1.67306 43137.5
1.67606 42953
1.67906 42767.1
1.68206 42579.6
1.68506 42390.6
1.68806 42200
1.69106 42007.8
1.69406 41813.9
1.69707 41618.3
1.70007 41421.1
1.70307 41222.1
1.70607 41021.3
1.70907 40818.7
1.71207 40614.2
1.71507 40407.8
1.71807 40199.5
1.72107 39989.2
1.72407 39776.9
1.72708 39562.5
1.73008 39346.1
1.73308 39127.5
1.73608 38906.7
1.73908 38683.7
1.74208 38458.4
1.74508 38230.8
1.74808 38000.8
1.75108 37768.5
1.75408 37533.7
1.75709 37296.3
1.76009 37056.5
1.76309 36814.1
1.76609 36569.1
1.76909 36321.3
1.77209 36070.9
1.77509 35817.8
1.77809 35561.8
1.78109 35303.1
1.78409 35041.5
1.7871 34776.9
1.7901 34509.5
1.7931 34239.1
1.7961 33965.7
1.7991 33689.2
1.8021 33409.7
1.8051 33127.2
1.8081 32841.5
1.8111 32552.8
1.8141 32260.9
1.81711 31965.9
1.82011 31667.7
1.82311 31366.4
1.82611 31061.9
1.82911 30754.3
1.83211 30443.6
1.83511 30129.7
1.83811 29812.7
1.84111 29492.6
1.84411 29169.5
1.84712 28843.3
1.85012 28514.1
1.85312 28182
1.85612 27846.9
1.85912 27509
1.86212 27168.3
1.86512 26824.8
1.86812 26478.7
1.87112 26129.9
1.87412 25778.7
1.87713 25424.9
1.88013 25068.9
1.88313 24710.5
1.88613 24350.1
1.88913 23987.5
1.89213 23623.1
1.89513 23256.8
1.89813 22888.8
1.90113 22519.3
1.90413 22148.3
1.90714 21776.1
1.91014 21402.7
1.91314 21028.3
1.91614 20653.1
1.91914 20277.1
1.92214 19900.7
1.92514 19523.9
1.92814 19146.9
1.93114 18769.9
1.93414 18393
1.93715 18016.5
1.94015 17640.5
1.94315 17265.2
1.94615 16890.8
1.94915 16517.4
1.95215 16145.3
1.95515 15774.7
1.95815 15405.7
1.96115 15038.5
1.96415 14673.4
1.96716 14310.4
1.97016 13949.8
1.97316 13591.8
1.97616 13236.6
1.97916 12884.3
1.98216 12535.1
1.98516 12189.2
1.98816 11846.8
1.99116 11508
1.99416 11173.1
1.99717 10842
2.00017 10515.1
2.00317 10192.5
2.00617 9874.31
2.00917 9560.66
2.01217 9251.7
2.01517 8947.56
2.01817 8648.36
2.02117 8354.22
2.02417 8065.25
2.02718 7781.54
2.03018 7503.21
2.03318 7230.32
2.03618 6962.96
2.03918 6701.21
2.04218 6445.13
2.04518 6194.77
2.04818 5950.2
2.05118 5711.43
2.05418 5478.52
2.05719 5251.49
2.06019 5030.35
2.06319 4815.12
2.06619 4605.8
2.06919 4402.39
2.07219 4204.87
2.07519 4013.22
2.07819 3827.42
2.08119 3647.43
2.08419 3473.23
2.0872 3304.74
2.0902 3141.94
2.0932 2984.75
2.0962 2833.11
2.0992 2686.95
2.1022 2546.19
2.1052 2410.76
2.1082 2280.57
2.1112 2155.52
2.1142 2035.52
2.11721 1920.48
2.12021 1810.28
2.12321 1704.83
2.12621 1604.02
2.12921 1507.73
2.13221 1415.85
2.13521 1328.27
2.13821 1244.86
2.14121 1165.51
2.14421 1090.1
2.14722 1018.5
2.15022 950.6
2.15322 886.268
2.15622 825.385
2.15922 767.828
2.16222 713.477
2.16522 662.211
2.16822 613.908
2.17122 568.451
2.17422 525.721
2.17723 485.604
2.18023 447.984
2.18323 412.751
2.18623 379.793
2.18923 349.002
2.19223 320.274
2.19523 293.505
2.19823 268.596
2.20123 245.448
2.20423 223.967
2.20724 204.061
2.21024 185.641
2.21324 168.621
2.21624 152.918
2.21924 138.453
2.22224 125.149
2.22524 112.932
2.22824 101.731
2.23124 91.4795
2.23424 82.1126
2.23725 73.5691
2.24025 65.7903
2.24325 58.7209
2.24625 52.3082
2.24925 46.5024
2.25225 41.2564
2.25525 36.5259
2.25825 32.2691
2.26125 28.4468
2.26425 25.0223
2.26726 21.961
2.27026 19.231
2.27326 16.8021
2.27626 14.6466
2.27926 12.7387
2.28226 11.0544
2.28526 9.5715
2.28826 8.26974
2.29126 7.13034
2.29426 6.1361
2.29727 5.27127
2.30027 4.52149
2.30327 3.87369
2.30627 3.31598
2.30927 2.83762
2.31227 2.42889
2.31527 2.08107
2.31827 1.7863
2.32127 1.53758
2.32427 1.32866
2.32728 1.154
2.33028 1.00867
2.33328 0.888365
2.33628 0.789271
2.33928 0.708072
2.34228 0.641882
2.34528 0.588198
2.34828 0.544867
2.35128 0.510046
2.35428 0.482161
2.35729 0.459884
2.36029 0.442097
2.36329 0.427869
2.36629 0.416426
2.36929 0.407136
2.37229 0.399484
2.37529 0.393057
2.37829 0.387525
2.38129 0.38263
2.38429 0.378174
2.3873 0.374005
2.3903 0.370011
2.3933 0.366108
2.3963 0.362238
2.3993 0.358362
2.4023 0.354451
2.4053 0.350489
2.4083 0.346463
2.4113 0.342367
2.4143 0.338196
2.41731 0.333944
2.42031 0.329606
2.42331 0.325177
2.42631 0.320649
2.42931 0.316015
2.43231 0.311266
2.43531 0.30639
2.43831 0.301379
2.44131 0.29622
2.44431 0.290904
2.44732 0.285421
2.45032 0.279763
2.45332 0.273924
2.45632 0.267899
2.45932 0.261685
2.46232 0.255282
2.46532 0.248694
2.46832 0.241925
2.47132 0.234984
2.47432 0.227882
2.47733 0.220632
2.48033 0.21325
2.48333 0.205755
2.48633 0.198166
2.48933 0.190506
2.49233 0.182798
2.49533 0.175067
2.49833 0.167339
2.50133 0.159638
2.50433 0.151991
2.50734 0.144424
2.51034 0.136961
2.51334 0.129627
2.51634 0.122446
2.51934 0.115439
2.52234 0.108626
2.52534 0.102026
2.52834 0.095655
2.53134 0.0895279
2.53434 0.0836568
2.53735 0.078052
2.54035 0.0727212
2.54335 0.0676702
2.54635 0.0629024
2.54935 0.0584193
2.55235 0.0542201
2.55535 0.0503023
2.55835 0.0466615
2.56135 0.0432918
2.56435 0.0401856
2.56736 0.0373341
2.57036 0.0347273
2.57336 0.0323543
2.57636 0.0302033
2.57936 0.0282619
2.58236 0.0265173
2.58536 0.0249563
2.58836 0.0235657
2.59136 0.0223322
2.59436 0.0212427
2.59737 0.0202843
2.60037 0.0194445
2.60337 0.0187113
2.60637 0.0180732
2.60937 0.0175193
2.61237 0.0170395
2.61537 0.0166241
2.61837 0.0162645
2.62137 0.0159525
2.62437 0.0156808
2.62738 0.0154429
2.63038 0.015233
2.63338 0.0150457
2.63638 0.0148766
2.63938 0.0147218
2.64238 0.0145779
2.64538 0.0144421
2.64838 0.0143121
2.65138 0.0141859
2.65438 0.014062
2.65739 0.0139391
2.66039 0.0138164
2.66339 0.013693
2.66639 0.0135684
2.66939 0.0134423
2.67239 0.0133143
2.67539 0.0131843
2.67839 0.013052
2.68139 0.0129174
2.68439 0.0127803
2.6874 0.0126405
2.6904 0.0124979
2.6934 0.0123523
2.6964 0.0122035
2.6994 0.0120512
2.7024 0.0118953
2.7054 0.0117352
2.7084 0.0115709
2.7114 0.0114019
2.7144 0.0112279
2.71741 0.0110487
2.72041 0.010864
2.72341 0.0106734
2.72641 0.0104769
2.72941 0.0102743
2.73241 0.0100655
2.73541 0.0098505
2.73841 0.00962941
2.74141 0.00940236
2.74441 0.0091696
2.74742 0.00893144
2.75042 0.00868828
2.75342 0.00844062
2.75642 0.00818902
2.75942 0.0079341
2.76242 0.00767656
2.76542 0.00741715
2.76842 0.00715668
2.77142 0.00689597
2.77442 0.00663588
2.77743 0.00637728
2.78043 0.00612106
2.78343 0.00586807
2.78643 0.00561917
2.78943 0.00537518
2.79243 0.00513687
2.79543 0.00490499
2.79843 0.0046802
2.80143 0.00446312
2.80443 0.00425429
2.80744 0.00405417
2.81044 0.00386317
2.81344 0.00368158
2.81644 0.00350964
2.81944 0.00334748
2.82244 0.00319519
2.82544 0.00305274
2.82844 0.00292004
2.83144 0.00279695
2.83444 0.00268324
2.83745 0.00257862
2.84045 0.00248278
2.84345 0.00239532
2.84645 0.00231582
2.84945 0.00224385
2.85245 0.00217891
2.85545 0.00212052
2.85845 0.00206818
2.86145 0.00202138
2.86445 0.00197962
2.86746 0.00194239
2.87046 0.00190922
2.87346 0.00187964
2.87646 0.00185321
2.87946 0.00182951
2.88246 0.00180815
2.88546 0.00178878
2.88846 0.00177106
2.89146 0.00175469
2.89446 0.00173941
2.89747 0.00172499
2.90047 0.00171121
2.90347 0.00169791
2.90647 0.00168493
2.90947 0.00167214
2.91247 0.00165945
2.91547 0.00164677
2.91847 0.00163404
2.92147 0.00162119
2.92447 0.0016082
2.92748 0.00159503
2.93048 0.00158165
2.93348 0.00156805
2.93648 0.00155421
2.93948 0.00154011
2.94248 0.00152574
2.94548 0.00151108
2.94848 0.00149611
2.95148 0.00148082
2.95448 0.00146516
2.95749 0.00144912
2.96049 0.00143267
2.96349 0.00141577
2.96649 0.00139839
2.96949 0.0013805
2.97249 0.00136205
2.97549 0.00134303
2.97849 0.00132339
2.98149 0.00130312
2.98449 0.00128218
2.9875 0.00126058
2.9905 0.0012383
2.9935 0.00121533
2.9965 0.00119169
2.9995 0.0011674
3.0025 0.00114247
3.0055 0.00111696
3.0085 0.00109089
3.0115 0.00106433
3.0145 0.00103734
3.01751 0.00100998
3.02051 0.000982345
3.02351 0.000954511
3.02651 0.000926568
3.02951 0.000898611
3.03251 0.000870738
3.03551 0.000843046
3.03851 0.000815634
3.04151 0.000788601
3.04451 0.000762042
3.04752 0.000736048
3.05052 0.000710706
3.05352 0.000686098
3.05652 0.000662297
3.05952 0.000639371
3.06252 0.000617375
3.06552 0.00059636
3.06852 0.000576364
3.07152 0.000557416
3.07452 0.000539536
3.07753 0.000522734
3.08053 0.00050701
3.08353 0.000492355
3.08653 0.000478752
3.08953 0.000466174
3.09253 0.00045459
3.09553 0.000443958
3.09853 0.000434235
3.10153 0.00042537
3.10453 0.000417311
3.10754 0.000409999
3.11054 0.000403377
3.11354 0.000397386
3.11654 0.000391966
3.11954 0.000387058
3.12254 0.000382605
3.12554 0.000378551
3.12854 0.000374843
3.13154 0.000371432
3.13454 0.000368271
3.13755 0.000365318
3.14055 0.000362534
3.14355 0.000359884
3.14655 0.000357338
3.14955 0.000354869
3.15255 0.000352453
3.15555 0.000350071
3.15855 0.000347705
3.16155 0.000345343
3.16455 0.000342973
3.16756 0.000340585
3.17056 0.000338172
3.17356 0.000335729
3.17656 0.000333248
3.17956 0.000330727
3.18256 0.000328161
3.18556 0.000325545
3.18856 0.000322876
3.19156 0.000320149
3.19456 0.000317358
3.19757 0.000314498
3.20057 0.000311562
3.20357 0.000308546
3.20657 0.00030544
3.20957 0.000302239
3.21257 0.000298934
3.21557 0.000295518
3.21857 0.000291985
3.22157 0.000288328
3.22457 0.000284541
3.22758 0.000280619
3.23058 0.00027656
3.23358 0.00027236
3.23658 0.000268019
3.23958 0.000263538
3.24258 0.000258921
3.24558 0.000254173
3.24858 0.0002493
3.25158 0.000244312
3.25458 0.000239219
3.25759 0.000234036
3.26059 0.000228775
3.26359 0.000223454
3.26659 0.00021809
3.26959 0.000212701
3.27259 0.000207308
3.27559 0.000201931
3.27859 0.000196589
3.28159 0.000191304
3.28459 0.000186096
3.2876 0.000180985
3.2906 0.000175988
3.2936 0.000171124
3.2966 0.000166409
3.2996 0.000161858
3.3026 0.000157483
3.3056 0.000153296
3.3086 0.000149305
3.3116 0.000145517
3.3146 0.000141936
3.31761 0.000138566
3.32061 0.000135406
3.32361 0.000132455
3.32661 0.00012971
3.32961 0.000127165
3.33261 0.000124813
3.33561 0.000122647
3.33861 0.000120657
3.34161 0.000118832
3.34461 0.000117161
3.34762 0.000115633
3.35062 0.000114236
3.35362 0.000112958
3.35662 0.000111786
3.35962 0.000110709
3.36262 0.000109715
3.36562 0.000108794
3.36862 0.000107936
3.37162 0.00010713
3.37462 0.000106368
3.37763 0.000105642
3.38063 0.000104946
3.38363 0.000104273
3.38663 0.000103617
3.38963 0.000102973
3.39263 0.000102338
3.39563 0.000101708
3.39863 0.000101079
3.40163 0.00010045
3.40463 9.98178e-05
3.40764 9.91799e-05
3.41064 9.85346e-05
3.41364 9.78799e-05
3.41664 9.72138e-05
3.41964 9.65344e-05
3.42264 9.58394e-05
3.42564 9.51266e-05
3.42864 9.43937e-05
3.43164 9.36381e-05
3.43464 9.28572e-05
3.43765 9.20484e-05
3.44065 9.12089e-05
3.44365 9.03362e-05
3.44665 8.94277e-05
3.44965 8.84809e-05
3.45265 8.7494e-05
3.45565 8.6465e-05
3.45865 8.53925e-05
3.46165 8.42758e-05
3.46465 8.31145e-05
3.46766 8.19087e-05
3.47066 8.06593e-05
3.47366 7.93679e-05
3.47666 7.80365e-05
3.47966 7.6668e-05
3.48266 7.52658e-05
3.48566 7.38341e-05
3.48866 7.23773e-05
3.49166 7.09007e-05
3.49466 6.94098e-05
3.49767 6.79104e-05
3.50067 6.64087e-05
3.50367 6.4911e-05
3.50667 6.34236e-05
3.50967 6.19527e-05
3.51267 6.05046e-05
3.51567 5.9085e-05
3.51867 5.76995e-05
3.52167 5.63531e-05
3.52467 5.50505e-05
3.52768 5.37956e-05
3.53068 5.25919e-05
3.53368 5.14422e-05
3.53668 5.03484e-05
3.53968 4.9312e-05
3.54268 4.83337e-05
3.54568 4.74137e-05
3.54868 4.65514e-05
3.55168 4.57457e-05
3.55468 4.4995e-05
3.55769 4.42972e-05
3.56069 4.365e-05
3.56369 4.30506e-05
3.56669 4.2496e-05
3.56969 4.1983e-05
3.57269 4.15085e-05
3.57569 4.10691e-05
3.57869 4.06617e-05
3.58169 4.0283e-05
3.58469 3.99302e-05
3.5877 3.96002e-05
3.5907 3.92906e-05
3.5937 3.89987e-05
3.5967 3.87226e-05
3.5997 3.846e-05
3.6027 3.82093e-05
3.6057 3.79687e-05
3.6087 3.77369e-05
3.6117 3.75125e-05
3.6147 3.72944e-05
3.61771 3.70812e-05
3.62071 3.6872e-05
3.62371 3.66656e-05
3.62671 3.64609e-05
3.62971 3.62567e-05
3.63271 3.60517e-05
3.63571 3.58446e-05
3.63871 3.56341e-05
3.64171 3.54185e-05
3.64471 3.51964e-05
3.64772 3.49661e-05
3.65072 3.47261e-05
3.65372 3.44745e-05
3.65672 3.42099e-05
3.65972 3.39306e-05
3.66272 3.36352e-05
3.66572 3.33225e-05
3.66872 3.29914e-05
3.67172 3.26409e-05
3.67472 3.22706e-05
3.67773 3.18799e-05
3.68073 3.14691e-05
3.68373 3.10383e-05
3.68673 3.05883e-05
3.68973 3.01201e-05
3.69273 2.9635e-05
3.69573 2.91346e-05
3.69873 2.86209e-05
3.70173 2.80962e-05
3.70473 2.75627e-05
3.70774 2.70231e-05
3.71074 2.64802e-05
3.71374 2.59365e-05
3.71674 2.5395e-05
3.71974 2.48583e-05
3.72274 2.4329e-05
3.72574 2.38098e-05
3.72874 2.33028e-05
3.73174 2.28101e-05
3.73474 2.23336e-05
3.73775 2.18747e-05
3.74075 2.14347e-05
3.74375 2.10145e-05
3.74675 2.06146e-05
3.74975 2.02353e-05
3.75275 1.98766e-05
3.75575 1.95383e-05
3.75875 1.92199e-05
3.76175 1.89206e-05
3.76475 1.86395e-05
3.76776 1.83758e-05
3.77076 1.81283e-05
3.77376 1.78958e-05
3.77676 1.76774e-05
3.77976 1.74718e-05
3.78276 1.72781e-05
3.78576 1.70954e-05
3.78876 1.69226e-05
3.79176 1.67593e-05
3.79476 1.66045e-05
3.79777 1.6458e-05
3.80077 1.63193e-05
3.80377 1.6188e-05
3.80677 1.60638e-05
3.80977 1.59466e-05
3.81277 1.58362e-05
3.81577 1.57324e-05
3.81877 1.56348e-05
3.82177 1.55433e-05
3.82477 1.54573e-05
3.82778 1.53763e-05
3.83078 1.52998e-05
3.83378 1.52269e-05
3.83678 1.51566e-05
3.83978 1.5088e-05
3.84278 1.50199e-05
3.84578 1.4951e-05
3.84878 1.48798e-05
3.85178 1.48051e-05
3.85478 1.47252e-05
3.85779 1.46389e-05
3.86079 1.45448e-05
3.86379 1.44415e-05
3.86679 1.4328e-05
3.86979 1.42033e-05
3.87279 1.40666e-05
3.87579 1.39176e-05
3.87879 1.37558e-05
3.88179 1.35815e-05
3.88479 1.33948e-05
3.8878 1.31964e-05
3.8908 1.29871e-05
3.8938 1.27681e-05
3.8968 1.25407e-05
3.8998 1.23064e-05
3.9028 1.20669e-05
3.9058 1.18239e-05
3.9088 1.15794e-05
3.9118 1.13351e-05
3.9148 1.10928e-05
3.91781 1.08543e-05
3.92081 1.06211e-05
3.92381 1.03946e-05
3.92681 1.0176e-05
3.92981 9.9662e-06
3.93281 9.76603e-06
3.93581 9.57588e-06
3.93881 9.39598e-06
3.94181 9.22628e-06
3.94481 9.06654e-06
3.94782 8.91629e-06
3.95082 8.77492e-06
3.95382 8.6417e-06
3.95682 8.51579e-06
3.95982 8.39634e-06
3.96282 8.28249e-06
3.96582 8.17341e-06
3.96882 8.06837e-06
3.97182 7.96674e-06
3.97482 7.86805e-06
3.97783 7.77194e-06
3.98083 7.67827e-06
3.98383 7.58701e-06
3.98683 7.49833e-06
3.98983 7.41252e-06
3.99283 7.32996e-06
3.99583 7.25116e-06
3.99883 7.17664e-06
4.00183 7.10693e-06
4.00483 7.04254e-06
4.00784 6.98388e-06
4.01084 6.93126e-06
4.01384 6.88482e-06
4.01684 6.84454e-06
4.01984 6.81018e-06
4.02284 6.78129e-06
4.02584 6.75721e-06
4.02884 6.73704e-06
4.03184 6.71971e-06
4.03484 6.70397e-06
4.03785 6.68844e-06
4.04085 6.67164e-06
4.04385 6.65207e-06
4.04685 6.62821e-06
4.04985 6.59862e-06
4.05285 6.56199e-06
4.05585 6.51716e-06
4.05885 6.4632e-06
4.06185 6.39944e-06
4.06485 6.32549e-06
4.06786 6.24126e-06
4.07086 6.14701e-06
4.07386 6.04327e-06
4.07686 5.93089e-06
4.07986 5.811e-06
4.08286 5.68493e-06
4.08586 5.55421e-06
4.08886 5.42052e-06
4.09186 5.28556e-06
4.09486 5.15108e-06
4.09787 5.01875e-06
4.10087 4.8901e-06
4.10387 4.76653e-06
4.10687 4.64918e-06
4.10987 4.53894e-06
4.11287 4.4364e-06
4.11587 4.34188e-06
4.11887 4.25536e-06
4.12187 4.17654e-06
4.12487 4.10488e-06
4.12788 4.03957e-06
4.13088 3.97966e-06
4.13388 3.92406e-06
4.13688 3.87161e-06
4.13988 3.82116e-06
4.14288 3.77163e-06
4.14588 3.72203e-06
4.14888 3.67158e-06
4.15188 3.61969e-06
4.15488 3.56602e-06
4.15789 3.51049e-06
4.16089 3.45331e-06
4.16389 3.39491e-06
4.16689 3.33597e-06
4.16989 3.27737e-06
4.17289 3.22012e-06
4.17589 3.1653e-06
4.17889 3.11405e-06
4.18189 3.06741e-06
4.18489 3.02633e-06
4.1879 2.99159e-06
4.1909 2.9637e-06
4.1939 2.94292e-06
4.1969 2.92917e-06
4.1999 2.92206e-06
4.2029 2.92085e-06
4.2059 2.92452e-06
4.2089 2.93173e-06
4.2119 2.94093e-06
4.2149 2.95041e-06
4.21791 2.95836e-06
4.22091 2.96294e-06
4.22391 2.96242e-06
4.22691 2.9552e-06
4.22991 2.93991e-06
4.23291 2.91551e-06
4.23591 2.88129e-06
4.23891 2.83695e-06
4.24191 2.78261e-06
4.24491 2.71883e-06
4.24792 2.64654e-06
4.25092 2.56705e-06
4.25392 2.48197e-06
4.25692 2.39315e-06
4.25992 2.30257e-06
4.26292 2.21226e-06
4.26592 2.12421e-06
4.26892 2.04026e-06
4.27192 1.96202e-06
4.27492 1.89078e-06
4.27793 1.82748e-06
4.28093 1.77261e-06
4.28393 1.72625e-06
4.28693 1.68806e-06
4.28993 1.65726e-06
4.29293 1.63276e-06
4.29593 1.61316e-06
4.29893 1.59687e-06
4.30193 1.58219e-06
4.30493 1.56746e-06
4.30794 1.55107e-06
4.31094 1.53168e-06
4.31394 1.50821e-06
4.31694 1.47994e-06
4.31994 1.44657e-06
4.32294 1.40825e-06
4.32594 1.36555e-06
4.32894 1.31944e-06
4.33194 1.27123e-06
4.33494 1.22252e-06
4.33795 1.17505e-06
4.34095 1.13063e-06
4.34395 1.09101e-06
4.34695 1.05774e-06
4.34995 1.0321e-06
4.35295 1.01495e-06
4.35595 1.00672e-06
4.35895 1.00731e-06
4.36195 1.01608e-06
4.36495 1.03189e-06
4.36796 1.05312e-06
4.37096 1.07777e-06
4.37396 1.10353e-06
4.37696 1.12796e-06
4.37996 1.14859e-06
4.38296 1.16307e-06
4.38596 1.16935e-06
4.38896 1.16574e-06
4.39196 1.15111e-06
4.39496 1.12488e-06
4.39797 1.08715e-06
4.40097 1.03864e-06
4.40397 9.80706e-07
4.40697 9.15235e-07
4.40997 8.44558e-07
4.41297 7.71303e-07
4.41597 6.98241e-07
4.41897 6.28106e-07
4.42197 5.63433e-07
4.42497 5.06387e-07
4.42798 4.5863e-07
4.43098 4.21207e-07
4.43398 3.94478e-07
4.43698 3.78098e-07
4.43998 3.71036e-07
4.44298 3.7165e-07
4.44598 3.77804e-07
4.44898 3.87019e-07
4.45198 3.96654e-07
4.45498 4.04102e-07
4.45799 4.06982e-07
4.46099 4.03329e-07
4.46399 3.91747e-07
4.46699 3.71526e-07
4.46999 3.42711e-07
4.47299 3.06117e-07
4.47599 2.63283e-07
4.47899 2.16368e-07
4.48199 1.67997e-07
4.48499 1.2107e-07
4.488 7.85329e-08
4.491 4.31465e-08
4.494 1.72556e-08
4.497 2.58403e-09
