-2.205 0.00012408
-2.20405 0.000271455
-2.20309 0.000438286
-2.20214 0.000619409
-2.20118 0.000808651
-2.20023 0.000999229
-2.19927 0.00118421
-2.19832 0.00135701
-2.19736 0.00151186
-2.19641 0.00164427
-2.19545 0.00175138
-2.1945 0.00183223
-2.19354 0.00188789
-2.19259 0.00192142
-2.19163 0.00193777
-2.19068 0.00194337
-2.18972 0.00194578
-2.18877 0.00195311
-2.18781 0.00197342
-2.18686 0.00201408
-2.1859 0.00208117
-2.18495 0.00217893
-2.184 0.00230934
-2.18304 0.00247181
-2.18209 0.00266311
-2.18113 0.0028774
-2.18018 0.00310659
-2.17922 0.00334077
-2.17827 0.0035689
-2.17731 0.00377958
-2.17636 0.00396193
-2.1754 0.00410651
-2.17445 0.00420622
-2.17349 0.00425705
-2.17254 0.00425877
-2.17158 0.00421534
-2.17063 0.00413513
-2.16967 0.00403081
-2.16872 0.003919
-2.16776 0.00381961
-2.16681 0.0037549
-2.16586 0.00374839
-2.1649 0.00382356
-2.16395 0.00400243
-2.16299 0.00430423
-2.16204 0.00474408
-2.16108 0.00533184
-2.16013 0.00607124
-2.15917 0.00695931
-2.15822 0.00798618
-2.15726 0.00913529
-2.15631 0.010384
-2.15535 0.0117046
-2.1544 0.0130657
-2.15344 0.0144339
-2.15249 0.0157756
-2.15153 0.017059
-2.15058 0.0182563
-2.14962 0.0193449
-2.14867 0.0203097
-2.14771 0.0211437
-2.14676 0.0218491
-2.14581 0.0224371
-2.14485 0.0229279
-2.1439 0.0233495
-2.14294 0.0237362
-2.14199 0.0241266
-2.14103 0.0245607
-2.14008 0.0250781
-2.13912 0.0257141
-2.13817 0.0264975
-2.13721 0.0274483
-2.13626 0.0285748
-2.1353 0.0298728
-2.13435 0.0313246
-2.13339 0.0328989
-2.13244 0.0345523
-2.13148 0.0362312
-2.13053 0.0378748
-2.12957 0.039419
-2.12862 0.0408011
-2.12767 0.041965
-2.12671 0.0428671
-2.12576 0.043481
-2.1248 0.0438037
-2.12385 0.0438598
-2.12289 0.0437056
-2.12194 0.0434315
-2.12098 0.0431632
-2.12003 0.0430615
-2.11907 0.0433196
-2.11812 0.0441594
-2.11716 0.0458252
-2.11621 0.0485765
-2.11525 0.0526785
-2.1143 0.0583921
-2.11334 0.0659627
-2.11239 0.0756091
-2.11143 0.0875121
-2.11048 0.101804
-2.10952 0.118561
-2.10857 0.137794
-2.10762 0.159443
-2.10666 0.18338
-2.10571 0.209404
-2.10475 0.237248
-2.1038 0.266588
-2.10284 0.29705
-2.10189 0.328229
-2.10093 0.359698
-2.09998 0.391035
-2.09902 0.421834
-2.09807 0.451731
-2.09711 0.480417
-2.09616 0.507662
-2.0952 0.533323
-2.09425 0.557357
-2.09329 0.579828
-2.09234 0.600904
-2.09138 0.620855
-2.09043 0.640035
-2.08947 0.65887
-2.08852 0.677828
-2.08757 0.697391
-2.08661 0.71802
-2.08566 0.740121
-2.0847 0.764009
-2.08375 0.789875
-2.08279 0.817763
-2.08184 0.847556
-2.08088 0.878977
-2.07993 0.911614
-2.07897 0.944971
-2.07802 0.97855
-2.07706 1.01197
-2.07611 1.04516
-2.07515 1.07854
-2.0742 1.11336
-2.07324 1.152
-2.07229 1.19844
-2.07133 1.25877
-2.07038 1.34175
-2.06943 1.45957
-2.06847 1.62861
-2.06752 1.87036
-2.06656 2.21243
-2.06561 2.68969
-2.06465 3.34552
-2.0637 4.23316
-2.06274 5.4172
-2.06179 6.97517
-2.06083 8.99923
-2.05988 11.598
-2.05892 14.8984
-2.05797 19.0476
-2.05701 24.2153
-2.05606 30.5954
-2.0551 38.4087
-2.05415 47.9043
-2.05319 59.3626
-2.05224 73.0966
-2.05128 89.4547
-2.05033 108.822
-2.04938 131.623
-2.04842 158.322
-2.04747 189.425
-2.04651 225.483
-2.04556 267.09
-2.0446 314.886
-2.04365 369.555
-2.04269 431.828
-2.04174 502.481
-2.04078 582.335
-2.03983 672.253
-2.03887 773.139
-2.03792 885.94
-2.03696 1011.64
-2.03601 1151.24
-2.03505 1305.81
-2.0341 1476.39
-2.03314 1664.1
-2.03219 1870.03
-2.03124 2095.3
-2.03028 2341.04
-2.02933 2608.35
-2.02837 2898.36
-2.02742 3212.15
-2.02646 3550.79
-2.02551 3915.32
-2.02455 4306.73
-2.0236 4725.98
-2.02264 5173.97
-2.02169 5651.52
-2.02073 6159.41
-2.01978 6698.32
-2.01882 7268.86
-2.01787 7871.55
-2.01691 8506.82
-2.01596 9174.99
-2.015 9876.28
-2.01405 10610.8
-2.01309 11378.6
-2.01214 12179.5
-2.01119 13013.4
-2.01023 13879.8
-2.00928 14778.4
-2.00832 15708.6
-2.00737 16669.8
-2.00641 17661.1
-2.00546 18681.8
-2.0045 19730.8
-2.00355 20807.1
-2.00259 21909.6
-2.00164 23037.1
-2.00068 24188.2
-1.99973 25361.7
-1.99877 26556.1
-1.99782 27770
-1.99686 29001.8
-1.99591 30250.2
-1.99495 31513.4
-1.994 32790
-1.99305 34078.3
-1.99209 35376.8
-1.99114 36684
-1.99018 37998.1
-1.98923 39317.8
-1.98827 40641.4
-1.98732 41967.5
-1.98636 43294.5
-1.98541 44621.2
-1.98445 45945.9
-1.9835 47267.5
-1.98254 48584.5
-1.98159 49895.8
-1.98063 51200.1
-1.97968 52496.2
-1.97872 53783
-1.97777 55059.6
-1.97681 56324.8
-1.97586 57577.7
-1.9749 58817.5
-1.97395 60043.3
-1.973 61254.4
-1.97204 62450
-1.97109 63629.6
-1.97013 64792.5
-1.96918 65938.2
-1.96822 67066.3
-1.96727 68176.5
-1.96631 69268.3
-1.96536 70341.7
-1.9644 71396.4
-1.96345 72432.3
-1.96249 73449.5
-1.96154 74448
-1.96058 75427.9
-1.95963 76389.5
-1.95867 77333.1
-1.95772 78258.9
-1.95676 79167.4
-1.95581 80059.2
-1.95485 80934.6
-1.9539 81794.4
-1.95295 82639.1
-1.95199 83469.4
-1.95104 84286.2
-1.95008 85090
-1.94913 85881.6
-1.94817 86661.9
-1.94722 87431.5
-1.94626 88191.3
-1.94531 88941.9
-1.94435 89684.1
-1.9434 90418.5
-1.94244 91145.8
-1.94149 91866.5
-1.94053 92581.1
-1.93958 93290
-1.93862 93993.6
-1.93767 94692.1
-1.93671 95385.8
-1.93576 96074.6
-1.93481 96758.6
-1.93385 97437.6
-1.9329 98111.6
-1.93194 98780.3
-1.93099 99443.2
-1.93003 100100
-1.92908 100750
-1.92812 101393
-1.92717 102029
-1.92621 102656
-1.92526 103275
-1.9243 103884
-1.92335 104482
-1.92239 105071
-1.92144 105648
-1.92048 106213
-1.91953 106767
-1.91857 107308
-1.91762 107837
-1.91666 108353
-1.91571 108857
-1.91476 109349
-1.9138 109828
-1.91285 110295
-1.91189 110752
-1.91094 111198
-1.90998 111634
-1.90903 112062
-1.90807 112482
-1.90712 112896
-1.90616 113305
-1.90521 113709
-1.90425 114112
-1.9033 114513
-1.90234 114914
-1.90139 115318
-1.90043 115724
-1.89948 116135
-1.89852 116552
-1.89757 116976
-1.89662 117407
-1.89566 117848
-1.89471 118299
-1.89375 118759
-1.8928 119231
-1.89184 119713
-1.89089 120206
-1.88993 120710
-1.88898 121223
-1.88802 121746
-1.88707 122277
-1.88611 122816
-1.88516 123360
-1.8842 123909
-1.88325 124460
-1.88229 125012
-1.88134 125562
-1.88038 126109
-1.87943 126650
-1.87847 127183
-1.87752 127706
-1.87657 128217
-1.87561 128713
-1.87466 129193
-1.8737 129653
-1.87275 130094
-1.87179 130512
-1.87084 130907
-1.86988 131278
-1.86893 131623
-1.86797 131943
-1.86702 132236
-1.86606 132504
-1.86511 132746
-1.86415 132963
-1.8632 133156
-1.86224 133328
-1.86129 133479
-1.86033 133612
-1.85938 133728
-1.85842 133832
-1.85747 133926
-1.85652 134012
-1.85556 134094
-1.85461 134176
-1.85365 134261
-1.8527 134353
-1.85174 134454
-1.85079 134570
-1.84983 134702
-1.84888 134854
-1.84792 135030
-1.84697 135231
-1.84601 135461
-1.84506 135722
-1.8441 136016
-1.84315 136343
-1.84219 136705
-1.84124 137103
-1.84028 137536
-1.83933 138005
-1.83838 138508
-1.83742 139044
-1.83647 139611
-1.83551 140206
-1.83456 140828
-1.8336 141473
-1.83265 142138
-1.83169 142817
-1.83074 143508
-1.82978 144206
-1.82883 144905
-1.82787 145602
-1.82692 146291
-1.82596 146967
-1.82501 147625
-1.82405 148261
-1.8231 148868
-1.82214 149444
-1.82119 149983
-1.82023 150481
-1.81928 150935
-1.81833 151342
-1.81737 151698
-1.81642 152002
-1.81546 152252
-1.81451 152447
-1.81355 152586
-1.8126 152670
-1.81164 152698
-1.81069 152674
-1.80973 152597
-1.80878 152472
-1.80782 152302
-1.80687 152089
-1.80591 151839
-1.80496 151557
-1.804 151248
-1.80305 150916
-1.80209 150570
-1.80114 150214
-1.80019 149855
-1.79923 149501
-1.79828 149157
-1.79732 148830
-1.79637 148528
-1.79541 148256
-1.79446 148021
-1.7935 147829
-1.79255 147686
-1.79159 147596
-1.79064 147564
-1.78968 147595
-1.78873 147692
-1.78777 147858
-1.78682 148094
-1.78586 148403
-1.78491 148785
-1.78395 149240
-1.783 149767
-1.78204 150365
-1.78109 151030
-1.78014 151761
-1.77918 152552
-1.77823 153400
-1.77727 154299
-1.77632 155244
-1.77536 156227
-1.77441 157242
-1.77345 158281
-1.7725 159337
-1.77154 160402
-1.77059 161467
-1.76963 162524
-1.76868 163565
-1.76772 164581
-1.76677 165564
-1.76581 166505
-1.76486 167398
-1.7639 168234
-1.76295 169006
-1.762 169709
-1.76104 170336
-1.76009 170882
-1.75913 171342
-1.75818 171713
-1.75722 171992
-1.75627 172176
-1.75531 172264
-1.75436 172257
-1.7534 172153
-1.75245 171956
-1.75149 171667
-1.75054 171289
-1.74958 170827
-1.74863 170285
-1.74767 169669
-1.74672 168986
-1.74576 168242
-1.74481 167446
-1.74385 166606
-1.7429 165730
-1.74195 164828
-1.74099 163909
-1.74004 162984
-1.73908 162062
-1.73813 161153
-1.73717 160267
-1.73622 159415
-1.73526 158605
-1.73431 157848
-1.73335 157152
-1.7324 156526
-1.73144 155978
-1.73049 155515
-1.72953 155145
-1.72858 154873
-1.72762 154704
-1.72667 154643
-1.72571 154693
-1.72476 154857
-1.7238 155135
-1.72285 155530
-1.7219 156039
-1.72094 156663
-1.71999 157397
-1.71903 158240
-1.71808 159185
-1.71712 160229
-1.71617 161365
-1.71521 162586
-1.71426 163884
-1.7133 165251
-1.71235 166677
-1.71139 168152
-1.71044 169668
-1.70948 171212
-1.70853 172773
-1.70757 174341
-1.70662 175905
-1.70566 177452
-1.70471 178972
-1.70376 180452
-1.7028 181883
-1.70185 183253
-1.70089 184552
-1.69994 185770
-1.69898 186898
-1.69803 187928
-1.69707 188851
-1.69612 189660
-1.69516 190350
-1.69421 190915
-1.69325 191350
-1.6923 191652
-1.69134 191819
-1.69039 191849
-1.68943 191743
-1.68848 191500
-1.68752 191123
-1.68657 190615
-1.68561 189980
-1.68466 189222
-1.68371 188348
-1.68275 187364
-1.6818 186278
-1.68084 185098
-1.67989 183835
-1.67893 182498
-1.67798 181097
-1.67702 179644
-1.67607 178150
-1.67511 176628
-1.67416 175090
-1.6732 173547
-1.67225 172013
-1.67129 170501
-1.67034 169022
-1.66938 167589
-1.66843 166214
-1.66747 164909
-1.66652 163685
-1.66557 162552
-1.66461 161521
-1.66366 160600
-1.6627 159799
-1.66175 159125
-1.66079 158586
-1.65984 158186
-1.65888 157931
-1.65793 157825
-1.65697 157871
-1.65602 158070
-1.65506 158423
-1.65411 158930
-1.65315 159589
-1.6522 160398
-1.65124 161353
-1.65029 162449
-1.64933 163680
-1.64838 165040
-1.64742 166521
-1.64647 168115
-1.64552 169811
-1.64456 171601
-1.64361 173472
-1.64265 175414
-1.6417 177415
-1.64074 179461
-1.63979 181541
-1.63883 183641
-1.63788 185748
-1.63692 187848
-1.63597 189928
-1.63501 191974
-1.63406 193974
-1.6331 195914
-1.63215 197782
-1.63119 199566
-1.63024 201254
-1.62928 202835
-1.62833 204299
-1.62737 205635
-1.62642 206836
-1.62547 207893
-1.62451 208800
-1.62356 209549
-1.6226 210137
-1.62165 210559
-1.62069 210813
-1.61974 210896
-1.61878 210808
-1.61783 210549
-1.61687 210121
-1.61592 209526
-1.61496 208769
-1.61401 207853
-1.61305 206785
-1.6121 205572
-1.61114 204221
-1.61019 202742
-1.60923 201143
-1.60828 199435
-1.60733 197629
-1.60637 195737
-1.60542 193771
-1.60446 191744
-1.60351 189670
-1.60255 187561
-1.6016 185432
-1.60064 183296
-1.59969 181168
-1.59873 179062
-1.59778 176992
-1.59682 174972
-1.59587 173014
-1.59491 171133
-1.59396 169341
-1.593 167651
-1.59205 166073
-1.59109 164619
-1.59014 163299
-1.58918 162122
-1.58823 161098
-1.58728 160233
-1.58632 159534
-1.58537 159007
-1.58441 158657
-1.58346 158488
-1.5825 158501
-1.58155 158698
-1.58059 159079
-1.57964 159644
-1.57868 160391
-1.57773 161317
-1.57677 162417
-1.57582 163686
-1.57486 165119
-1.57391 166708
-1.57295 168444
-1.572 170319
-1.57104 172324
-1.57009 174446
-1.56914 176676
-1.56818 179000
-1.56723 181407
-1.56627 183882
-1.56532 186414
-1.56436 188986
-1.56341 191587
-1.56245 194200
-1.5615 196812
-1.56054 199408
-1.55959 201973
-1.55863 204494
-1.55768 206955
-1.55672 209344
-1.55577 211647
-1.55481 213851
-1.55386 215944
-1.5529 217913
-1.55195 219748
-1.55099 221439
-1.55004 222975
-1.54909 224349
-1.54813 225552
-1.54718 226577
-1.54622 227420
-1.54527 228074
-1.54431 228535
-1.54336 228803
-1.5424 228874
-1.54145 228748
-1.54049 228426
-1.53954 227909
-1.53858 227200
-1.53763 226303
-1.53667 225223
-1.53572 223965
-1.53476 222537
-1.53381 220946
-1.53285 219201
-1.5319 217312
-1.53095 215288
-1.52999 213142
-1.52904 210885
-1.52808 208529
-1.52713 206087
-1.52617 203573
-1.52522 201001
-1.52426 198385
-1.52331 195739
-1.52235 193079
-1.5214 190418
-1.52044 187772
-1.51949 185155
-1.51853 182583
-1.51758 180068
-1.51662 177626
-1.51567 175271
-1.51471 173014
-1.51376 170870
-1.5128 168851
-1.51185 166967
-1.5109 165229
-1.50994 163649
-1.50899 162235
-1.50803 160995
-1.50708 159937
-1.50612 159067
-1.50517 158391
-1.50421 157914
-1.50326 157639
-1.5023 157569
-1.50135 157704
-1.50039 158045
-1.49944 158592
-1.49848 159343
-1.49753 160294
-1.49657 161442
-1.49562 162782
-1.49466 164308
-1.49371 166013
-1.49275 167889
-1.4918 169928
-1.49085 172119
-1.48989 174454
-1.48894 176920
-1.48798 179505
-1.48703 182199
-1.48607 184986
-1.48512 187855
-1.48416 190790
-1.48321 193779
-1.48225 196806
-1.4813 199857
-1.48034 202917
-1.47939 205970
-1.47843 209003
-1.47748 212000
-1.47652 214947
-1.47557 217828
-1.47461 220631
-1.47366 223342
-1.47271 225947
-1.47175 228433
-1.4708 230788
-1.46984 233001
-1.46889 235061
-1.46793 236958
-1.46698 238682
-1.46602 240226
-1.46507 241580
-1.46411 242740
-1.46316 243698
-1.4622 244451
-1.46125 244994
-1.46029 245326
-1.45934 245443
-1.45838 245346
-1.45743 245034
-1.45647 244510
-1.45552 243775
-1.45456 242834
-1.45361 241690
-1.45266 240349
-1.4517 238818
-1.45075 237103
-1.44979 235213
-1.44884 233157
-1.44788 230945
-1.44693 228587
-1.44597 226094
-1.44502 223479
-1.44406 220754
-1.44311 217932
-1.44215 215027
-1.4412 212052
-1.44024 209022
-1.43929 205951
-1.43833 202854
-1.43738 199746
-1.43642 196641
-1.43547 193555
-1.43452 190502
-1.43356 187497
-1.43261 184555
-1.43165 181689
-1.4307 178914
-1.42974 176243
-1.42879 173689
-1.42783 171263
-1.42688 168979
-1.42592 166847
-1.42497 164877
-1.42401 163080
-1.42306 161464
-1.4221 160037
-1.42115 158807
-1.42019 157779
-1.41924 156960
-1.41828 156353
-1.41733 155963
-1.41637 155791
-1.41542 155839
-1.41447 156108
-1.41351 156597
-1.41256 157305
-1.4116 158229
-1.41065 159365
-1.40969 160709
-1.40874 162257
-1.40778 164000
-1.40683 165933
-1.40587 168047
-1.40492 170333
-1.40396 172782
-1.40301 175383
-1.40205 178125
-1.4011 180997
-1.40014 183986
-1.39919 187079
-1.39823 190263
-1.39728 193525
-1.39632 196850
-1.39537 200224
-1.39442 203633
-1.39346 207061
-1.39251 210494
-1.39155 213917
-1.3906 217315
-1.38964 220675
-1.38869 223980
-1.38773 227217
-1.38678 230372
-1.38582 233430
-1.38487 236380
-1.38391 239209
-1.38296 241903
-1.382 244451
-1.38105 246843
-1.38009 249068
-1.37914 251116
-1.37818 252978
-1.37723 254647
-1.37628 256116
-1.37532 257377
-1.37437 258426
-1.37341 259258
-1.37246 259869
-1.3715 260256
-1.37055 260419
-1.36959 260356
-1.36864 260067
-1.36768 259554
-1.36673 258819
-1.36577 257864
-1.36482 256695
-1.36386 255315
-1.36291 253731
-1.36195 251949
-1.361 249977
-1.36004 247823
-1.35909 245497
-1.35813 243008
-1.35718 240366
-1.35623 237584
-1.35527 234672
-1.35432 231643
-1.35336 228510
-1.35241 225285
-1.35145 221984
-1.3505 218619
-1.34954 215204
-1.34859 211755
-1.34763 208285
-1.34668 204810
-1.34572 201344
-1.34477 197902
-1.34381 194498
-1.34286 191146
-1.3419 187861
-1.34095 184657
-1.33999 181547
-1.33904 178544
-1.33809 175662
-1.33713 172912
-1.33618 170305
-1.33522 167854
-1.33427 165569
-1.33331 163458
-1.33236 161533
-1.3314 159799
-1.33045 158267
-1.32949 156941
-1.32854 155828
-1.32758 154933
-1.32663 154260
-1.32567 153812
-1.32472 153591
-1.32376 153600
-1.32281 153837
-1.32185 154304
-1.3209 154998
-1.31994 155917
-1.31899 157058
-1.31804 158417
-1.31708 159989
-1.31613 161768
-1.31517 163747
-1.31422 165919
-1.31326 168275
-1.31231 170807
-1.31135 173505
-1.3104 176358
-1.30944 179356
-1.30849 182487
-1.30753 185739
-1.30658 189099
-1.30562 192555
-1.30467 196092
-1.30371 199698
-1.30276 203358
-1.3018 207058
-1.30085 210784
-1.29989 214521
-1.29894 218256
-1.29799 221972
-1.29703 225657
-1.29608 229295
-1.29512 232872
-1.29417 236376
-1.29321 239791
-1.29226 243106
-1.2913 246306
-1.29035 249381
-1.28939 252317
-1.28844 255104
-1.28748 257730
-1.28653 260186
-1.28557 262462
-1.28462 264549
-1.28366 266439
-1.28271 268126
-1.28175 269601
-1.2808 270861
-1.27985 271900
-1.27889 272713
-1.27794 273298
-1.27698 273653
-1.27603 273776
-1.27507 273667
-1.27412 273325
-1.27316 272753
-1.27221 271953
-1.27125 270927
-1.2703 269680
-1.26934 268216
-1.26839 266541
-1.26743 264662
-1.26648 262584
-1.26552 260317
-1.26457 257869
-1.26361 255249
-1.26266 252468
-1.2617 249535
-1.26075 246462
-1.2598 243260
-1.25884 239942
-1.25789 236521
-1.25693 233008
-1.25598 229418
-1.25502 225765
-1.25407 222061
-1.25311 218321
-1.25216 214559
-1.2512 210789
-1.25025 207025
-1.24929 203283
-1.24834 199575
-1.24738 195916
-1.24643 192320
-1.24547 188800
-1.24452 185369
-1.24356 182041
-1.24261 178828
-1.24166 175742
-1.2407 172795
-1.23975 169998
-1.23879 167361
-1.23784 164896
-1.23688 162610
-1.23593 160513
-1.23497 158613
-1.23402 156916
-1.23306 155431
-1.23211 154161
-1.23115 153113
-1.2302 152291
-1.22924 151697
-1.22829 151335
-1.22733 151205
-1.22638 151310
-1.22542 151648
-1.22447 152219
-1.22351 153022
-1.22256 154053
-1.22161 155309
-1.22065 156786
-1.2197 158479
-1.21874 160382
-1.21779 162489
-1.21683 164792
-1.21588 167283
-1.21492 169954
-1.21397 172795
-1.21301 175796
-1.21206 178948
-1.2111 182237
-1.21015 185654
-1.20919 189186
-1.20824 192821
-1.20728 196546
-1.20633 200348
-1.20537 204213
-1.20442 208127
-1.20347 212078
-1.20251 216051
-1.20156 220033
-1.2006 224008
-1.19965 227963
-1.19869 231885
-1.19774 235759
-1.19678 239572
-1.19583 243310
-1.19487 246960
-1.19392 250510
-1.19296 253947
-1.19201 257259
-1.19105 260434
-1.1901 263461
-1.18914 266330
-1.18819 269030
-1.18723 271553
-1.18628 273888
-1.18532 276029
-1.18437 277967
-1.18342 279696
-1.18246 281210
-1.18151 282504
-1.18055 283572
-1.1796 284412
-1.17864 285020
-1.17769 285394
-1.17673 285534
-1.17578 285438
-1.17482 285107
-1.17387 284542
-1.17291 283745
-1.17196 282719
-1.171 281467
-1.17005 279994
-1.16909 278305
-1.16814 276406
-1.16718 274303
-1.16623 272004
-1.16527 269517
-1.16432 266850
-1.16337 264012
-1.16241 261013
-1.16146 257864
-1.1605 254576
-1.15955 251159
-1.15859 247626
-1.15764 243989
-1.15668 240260
-1.15573 236452
-1.15477 232579
-1.15382 228653
-1.15286 224687
-1.15191 220697
-1.15095 216695
-1.15 212694
-1.14904 208710
-1.14809 204754
-1.14713 200842
-1.14618 196986
-1.14523 193199
-1.14427 189495
-1.14332 185886
-1.14236 182384
-1.14141 179002
-1.14045 175751
-1.1395 172641
-1.13854 169685
-1.13759 166892
-1.13663 164271
-1.13568 161831
-1.13472 159582
-1.13377 157530
-1.13281 155682
-1.13186 154046
-1.1309 152627
-1.12995 151429
-1.12899 150458
-1.12804 149715
-1.12708 149205
-1.12613 148930
-1.12518 148889
-1.12422 149084
-1.12327 149515
-1.12231 150179
-1.12136 151075
-1.1204 152201
-1.11945 153553
-1.11849 155126
-1.11754 156916
-1.11658 158917
-1.11563 161123
-1.11467 163526
-1.11372 166118
-1.11276 168893
-1.11181 171840
-1.11085 174950
-1.1099 178213
-1.10894 181618
-1.10799 185155
-1.10704 188813
-1.10608 192578
-1.10513 196440
-1.10417 200385
-1.10322 204401
-1.10226 208475
-1.10131 212593
-1.10035 216744
-1.0994 220912
-1.09844 225084
-1.09749 229248
-1.09653 233389
-1.09558 237494
-1.09462 241550
-1.09367 245544
-1.09271 249463
-1.09176 253294
-1.0908 257025
-1.08985 260644
-1.08889 264140
-1.08794 267500
-1.08699 270715
-1.08603 273773
-1.08508 276665
-1.08412 279382
-1.08317 281915
-1.08221 284256
-1.08126 286397
-1.0803 288332
-1.07935 290054
-1.07839 291558
-1.07744 292839
-1.07648 293893
-1.07553 294716
-1.07457 295306
-1.07362 295662
-1.07266 295781
-1.07171 295665
-1.07075 295312
-1.0698 294725
-1.06884 293904
-1.06789 292854
-1.06694 291577
-1.06598 290077
-1.06503 288359
-1.06407 286429
-1.06312 284292
-1.06216 281956
-1.06121 279429
-1.06025 276717
-1.0593 273831
-1.05834 270778
-1.05739 267569
-1.05643 264214
-1.05548 260723
-1.05452 257108
-1.05357 253380
-1.05261 249551
-1.05166 245633
-1.0507 241639
-1.04975 237580
-1.0488 233471
-1.04784 229323
-1.04689 225150
-1.04593 220965
-1.04498 216781
-1.04402 212611
-1.04307 208469
-1.04211 204368
-1.04116 200320
-1.0402 196338
-1.03925 192435
-1.03829 188623
-1.03734 184914
-1.03638 181319
-1.03543 177850
-1.03447 174518
-1.03352 171333
-1.03256 168305
-1.03161 165443
-1.03065 162758
-1.0297 160256
-1.02875 157947
-1.02779 155836
-1.02684 153932
-1.02588 152239
-1.02493 150764
-1.02397 149510
-1.02302 148483
-1.02206 147685
-1.02111 147119
-1.02015 146786
-1.0192 146689
-1.01824 146827
-1.01729 147201
-1.01633 147809
-1.01538 148649
-1.01442 149719
-1.01347 151017
-1.01251 152538
-1.01156 154277
-1.01061 156231
-1.00965 158392
-1.0087 160754
-1.00774 163311
-1.00679 166055
-1.00583 168977
-1.00488 172070
-1.00392 175323
-1.00297 178726
-1.00201 182271
-1.00106 185945
-1.0001 189738
-0.999148 193639
-0.998193 197636
-0.997239 201717
-0.996284 205870
-0.995329 210082
-0.994374 214340
-0.99342 218633
-0.992465 222946
-0.99151 227268
-0.990555 231584
-0.989601 235883
-0.988646 240151
-0.987691 244375
-0.986736 248543
-0.985782 252642
-0.984827 256661
-0.983872 260586
-0.982917 264407
-0.981963 268112
-0.981008 271689
-0.980053 275128
-0.979098 278419
-0.978144 281552
-0.977189 284518
-0.976234 287307
-0.975279 289912
-0.974325 292324
-0.97337 294537
-0.972415 296544
-0.97146 298339
-0.970506 299917
-0.969551 301272
-0.968596 302401
-0.967641 303302
-0.966687 303970
-0.965732 304404
-0.964777 304603
-0.963822 304566
-0.962868 304293
-0.961913 303786
-0.960958 303045
-0.960003 302074
-0.959048 300875
-0.958094 299451
-0.957139 297807
-0.956184 295948
-0.955229 293879
-0.954275 291606
-0.95332 289137
-0.952365 286478
-0.95141 283638
-0.950456 280625
-0.949501 277447
-0.948546 274115
-0.947591 270638
-0.946637 267026
-0.945682 263290
-0.944727 259441
-0.943772 255491
-0.942818 251450
-0.941863 247332
-0.940908 243147
-0.939953 238909
-0.938999 234629
-0.938044 230321
-0.937089 225996
-0.936134 221668
-0.93518 217350
-0.934225 213053
-0.93327 208791
-0.932315 204575
-0.931361 200419
-0.930406 196334
-0.929451 192332
-0.928496 188425
-0.927542 184625
-0.926587 180941
-0.925632 177386
-0.924677 173969
-0.923723 170701
-0.922768 167590
-0.921813 164647
-0.920858 161878
-0.919904 159294
-0.918949 156900
-0.917994 154705
-0.917039 152714
-0.916085 150933
-0.91513 149368
-0.914175 148023
-0.91322 146902
-0.912266 146009
-0.911311 145345
-0.910356 144914
-0.909401 144716
-0.908447 144752
-0.907492 145022
-0.906537 145526
-0.905582 146262
-0.904628 147228
-0.903673 148422
-0.902718 149840
-0.901763 151478
-0.900809 153332
-0.899854 155397
-0.898899 157667
-0.897944 160135
-0.89699 162796
-0.896035 165640
-0.89508 168660
-0.894125 171849
-0.893171 175196
-0.892216 178693
-0.891261 182329
-0.890306 186095
-0.889352 189980
-0.888397 193973
-0.887442 198063
-0.886487 202238
-0.885533 206486
-0.884578 210796
-0.883623 215156
-0.882668 219553
-0.881714 223975
-0.880759 228409
-0.879804 232843
-0.878849 237265
-0.877895 241662
-0.87694 246021
-0.875985 250332
-0.87503 254580
-0.874076 258755
-0.873121 262845
-0.872166 266838
-0.871211 270724
-0.870257 274490
-0.869302 278127
-0.868347 281625
-0.867392 284973
-0.866438 288162
-0.865483 291183
-0.864528 294029
-0.863573 296690
-0.862619 299159
-0.861664 301431
-0.860709 303497
-0.859754 305353
-0.8588 306993
-0.857845 308413
-0.85689 309608
-0.855935 310577
-0.854981 311314
-0.854026 311820
-0.853071 312092
-0.852116 312130
-0.851162 311933
-0.850207 311503
-0.849252 310840
-0.848297 309946
-0.847342 308825
-0.846388 307478
-0.845433 305910
-0.844478 304126
-0.843523 302130
-0.842569 299928
-0.841614 297526
-0.840659 294930
-0.839704 292149
-0.83875 289190
-0.837795 286060
-0.83684 282770
-0.835885 279327
-0.834931 275742
-0.833976 272024
-0.833021 268184
-0.832066 264233
-0.831112 260181
-0.830157 256039
-0.829202 251820
-0.828247 247534
-0.827293 243193
-0.826338 238811
-0.825383 234397
-0.824428 229966
-0.823474 225528
-0.822519 221097
-0.821564 216683
-0.820609 212301
-0.819655 207960
-0.8187 203674
-0.817745 199454
-0.81679 195312
-0.815836 191258
-0.814881 187305
-0.813926 183462
-0.812971 179741
-0.812017 176151
-0.811062 172703
-0.810107 169405
-0.809152 166267
-0.808198 163297
-0.807243 160504
-0.806288 157894
-0.805333 155476
-0.804379 153256
-0.803424 151239
-0.802469 149431
-0.801514 147838
-0.80056 146464
-0.799605 145312
-0.79865 144385
-0.797695 143687
-0.796741 143219
-0.795786 142982
-0.794831 142977
-0.793876 143205
-0.792922 143664
-0.791967 144354
-0.791012 145273
-0.790057 146419
-0.789103 147787
-0.788148 149376
-0.787193 151181
-0.786238 153196
-0.785284 155417
-0.784329 157838
-0.783374 160453
-0.782419 163254
-0.781465 166234
-0.78051 169385
-0.779555 172699
-0.7786 176167
-0.777646 179780
-0.776691 183529
-0.775736 187403
-0.774781 191391
-0.773827 195485
-0.772872 199672
-0.771917 203941
-0.770962 208282
-0.770008 212682
-0.769053 217131
-0.768098 221615
-0.767143 226124
-0.766189 230645
-0.765234 235166
-0.764279 239675
-0.763324 244161
-0.76237 248610
-0.761415 253013
-0.76046 257356
-0.759505 261628
-0.758551 265818
-0.757596 269915
-0.756641 273907
-0.755686 277785
-0.754732 281538
-0.753777 285155
-0.752822 288628
-0.751867 291947
-0.750913 295104
-0.749958 298089
-0.749003 300895
-0.748048 303515
-0.747094 305941
-0.746139 308168
-0.745184 310189
-0.744229 311999
-0.743275 313593
-0.74232 314967
-0.741365 316117
-0.74041 317041
-0.739456 317736
-0.738501 318200
-0.737546 318432
-0.736591 318431
-0.735637 318197
-0.734682 317732
-0.733727 317036
-0.732772 316112
-0.731817 314961
-0.730863 313587
-0.729908 311993
-0.728953 310184
-0.727998 308165
-0.727044 305941
-0.726089 303517
-0.725134 300901
-0.724179 298100
-0.723225 295120
-0.72227 291969
-0.721315 288657
-0.72036 285191
-0.719406 281581
-0.718451 277836
-0.717496 273966
-0.716541 269982
-0.715587 265894
-0.714632 261712
-0.713677 257448
-0.712722 253112
-0.711768 248717
-0.710813 244273
-0.709858 239793
-0.708903 235287
-0.707949 230769
-0.706994 226248
-0.706039 221738
-0.705084 217250
-0.70413 212796
-0.703175 208387
-0.70222 204035
-0.701265 199750
-0.700311 195545
-0.699356 191430
-0.698401 187416
-0.697446 183513
-0.696492 179731
-0.695537 176080
-0.694582 172570
-0.693627 169209
-0.692673 166006
-0.691718 162970
-0.690763 160109
-0.689808 157429
-0.688854 154937
-0.687899 152641
-0.686944 150546
-0.685989 148657
-0.685035 146980
-0.68408 145518
-0.683125 144276
-0.68217 143256
-0.681216 142462
-0.680261 141895
-0.679306 141557
-0.678351 141449
-0.677397 141571
-0.676442 141923
-0.675487 142505
-0.674532 143314
-0.673578 144348
-0.672623 145606
-0.671668 147084
-0.670713 148778
-0.669759 150684
-0.668804 152797
-0.667849 155113
-0.666894 157624
-0.66594 160325
-0.664985 163209
-0.66403 166269
-0.663075 169497
-0.662121 172885
-0.661166 176423
-0.660211 180105
-0.659256 183919
-0.658302 187857
-0.657347 191908
-0.656392 196062
-0.655437 200309
-0.654483 204637
-0.653528 209037
-0.652573 213497
-0.651618 218004
-0.650664 222549
-0.649709 227120
-0.648754 231704
-0.647799 236291
-0.646845 240868
-0.64589 245425
-0.644935 249949
-0.64398 254429
-0.643026 258853
-0.642071 263211
-0.641116 267491
-0.640161 271683
-0.639207 275775
-0.638252 279758
-0.637297 283621
-0.636342 287355
-0.635388 290950
-0.634433 294396
-0.633478 297686
-0.632523 300810
-0.631569 303761
-0.630614 306532
-0.629659 309115
-0.628704 311503
-0.62775 313692
-0.626795 315674
-0.62584 317446
-0.624885 319002
-0.623931 320340
-0.622976 321454
-0.622021 322343
-0.621066 323005
-0.620111 323437
-0.619157 323639
-0.618202 323610
-0.617247 323350
-0.616292 322861
-0.615338 322143
-0.614383 321197
-0.613428 320028
-0.612473 318637
-0.611519 317028
-0.610564 315205
-0.609609 313174
-0.608654 310938
-0.6077 308504
-0.606745 305878
-0.60579 303067
-0.604835 300078
-0.603881 296918
-0.602926 293595
-0.601971 290119
-0.601016 286496
-0.600062 282738
-0.599107 278852
-0.598152 274850
-0.597197 270741
-0.596243 266535
-0.595288 262243
-0.594333 257876
-0.593378 253445
-0.592424 248960
-0.591469 244434
-0.590514 239877
-0.589559 235301
-0.588605 230717
-0.58765 226137
-0.586695 221571
-0.58574 217033
-0.584786 212532
-0.583831 208080
-0.582876 203688
-0.581921 199367
-0.580967 195128
-0.580012 190981
-0.579057 186937
-0.578102 183005
-0.577148 179195
-0.576193 175517
-0.575238 171980
-0.574283 168592
-0.573329 165362
-0.572374 162298
-0.571419 159408
-0.570464 156698
-0.56951 154175
-0.568555 151846
-0.5676 149716
-0.566645 147790
-0.565691 146074
-0.564736 144571
-0.563781 143286
-0.562826 142220
-0.561872 141378
-0.560917 140761
-0.559962 140371
-0.559007 140208
-0.558053 140273
-0.557098 140567
-0.556143 141087
-0.555188 141834
-0.554234 142805
-0.553279 143999
-0.552324 145411
-0.551369 147039
-0.550415 148878
-0.54946 150926
-0.548505 153175
-0.54755 155621
-0.546596 158259
-0.545641 161081
-0.544686 164081
-0.543731 167252
-0.542777 170585
-0.541822 174073
-0.540867 177707
-0.539912 181479
-0.538958 185379
-0.538003 189398
-0.537048 193526
-0.536093 197752
-0.535139 202068
-0.534184 206462
-0.533229 210923
-0.532274 215440
-0.53132 220003
-0.530365 224601
-0.52941 229222
-0.528455 233855
-0.527501 238488
-0.526546 243111
-0.525591 247711
-0.524636 252279
-0.523682 256802
-0.522727 261269
-0.521772 265670
-0.520817 269994
-0.519863 274231
-0.518908 278369
-0.517953 282398
-0.516998 286310
-0.516044 290094
-0.515089 293741
-0.514134 297242
-0.513179 300588
-0.512225 303772
-0.51127 306785
-0.510315 309621
-0.50936 312272
-0.508405 314731
-0.507451 316993
-0.506496 319052
-0.505541 320903
-0.504586 322542
-0.503632 323965
-0.502677 325167
-0.501722 326147
-0.500767 326902
-0.499813 327429
-0.498858 327729
-0.497903 327799
-0.496948 327640
-0.495994 327253
-0.495039 326638
-0.494084 325797
-0.493129 324732
-0.492175 323445
-0.49122 321940
-0.490265 320220
-0.48931 318291
-0.488356 316156
-0.487401 313820
-0.486446 311290
-0.485491 308572
-0.484537 305672
-0.483582 302597
-0.482627 299355
-0.481672 295955
-0.480718 292403
-0.479763 288710
-0.478808 284883
-0.477853 280933
-0.476899 276868
-0.475944 272699
-0.474989 268436
-0.474034 264089
-0.47308 259669
-0.472125 255187
-0.47117 250652
-0.470215 246077
-0.469261 241472
-0.468306 236849
-0.467351 232219
-0.466396 227592
-0.465442 222980
-0.464487 218394
-0.463532 213845
-0.462577 209344
-0.461623 204902
-0.460668 200530
-0.459713 196237
-0.458758 192035
-0.457804 187933
-0.456849 183941
-0.455894 180068
-0.454939 176325
-0.453985 172719
-0.45303 169259
-0.452075 165955
-0.45112 162813
-0.450166 159840
-0.449211 157045
-0.448256 154434
-0.447301 152013
-0.446347 149787
-0.445392 147763
-0.444437 145944
-0.443482 144336
-0.442528 142941
-0.441573 141764
-0.440618 140807
-0.439663 140072
-0.438709 139562
-0.437754 139277
-0.436799 139218
-0.435844 139386
-0.43489 139779
-0.433935 140397
-0.43298 141239
-0.432025 142303
-0.431071 143586
-0.430116 145085
-0.429161 146796
-0.428206 148717
-0.427252 150841
-0.426297 153165
-0.425342 155682
-0.424387 158387
-0.423433 161274
-0.422478 164335
-0.421523 167564
-0.420568 170953
-0.419614 174493
-0.418659 178178
-0.417704 181997
-0.416749 185942
-0.415795 190003
-0.41484 194172
-0.413885 198437
-0.41293 202790
-0.411976 207220
-0.411021 211716
-0.410066 216267
-0.409111 220864
-0.408157 225495
-0.407202 230148
-0.406247 234814
-0.405292 239481
-0.404338 244138
-0.403383 248773
-0.402428 253377
-0.401473 257937
-0.400519 262444
-0.399564 266886
-0.398609 271253
-0.397654 275534
-0.3967 279719
-0.395745 283799
-0.39479 287764
-0.393835 291603
-0.39288 295309
-0.391926 298872
-0.390971 302283
-0.390016 305535
-0.389061 308620
-0.388107 311530
-0.387152 314259
-0.386197 316800
-0.385242 319146
-0.384288 321293
-0.383333 323236
-0.382378 324969
-0.381423 326488
-0.380469 327791
-0.379514 328873
-0.378559 329732
-0.377604 330367
-0.37665 330775
-0.375695 330957
-0.37474 330910
-0.373785 330636
-0.372831 330135
-0.371876 329409
-0.370921 328458
-0.369966 327287
-0.369012 325896
-0.368057 324290
-0.367102 322473
-0.366147 320448
-0.365193 318221
-0.364238 315797
-0.363283 313182
-0.362328 310381
-0.361374 307403
-0.360419 304253
-0.359464 300940
-0.358509 297471
-0.357555 293855
-0.3566 290099
-0.355645 286213
-0.35469 282207
-0.353736 278089
-0.352781 273870
-0.351826 269560
-0.350871 265167
-0.349917 260704
-0.348962 256181
-0.348007 251607
-0.347052 246995
-0.346098 242354
-0.345143 237696
-0.344188 233032
-0.343233 228373
-0.342279 223729
-0.341324 219111
-0.340369 214531
-0.339414 209999
-0.33846 205525
-0.337505 201120
-0.33655 196795
-0.335595 192559
-0.334641 188422
-0.333686 184395
-0.332731 180485
-0.331776 176703
-0.330822 173057
-0.329867 169556
-0.328912 166208
-0.327957 163020
-0.327003 160000
-0.326048 157155
-0.325093 154491
-0.324138 152015
-0.323184 149733
-0.322229 147649
-0.321274 145769
-0.320319 144096
-0.319365 142636
-0.31841 141390
-0.317455 140363
-0.3165 139556
-0.315546 138971
-0.314591 138610
-0.313636 138474
-0.312681 138562
-0.311727 138875
-0.310772 139412
-0.309817 140171
-0.308862 141152
-0.307908 142351
-0.306953 143767
-0.305998 145395
-0.305043 147232
-0.304089 149274
-0.303134 151516
-0.302179 153954
-0.301224 156581
-0.30027 159391
-0.299315 162378
-0.29836 165535
-0.297405 168855
-0.296451 172331
-0.295496 175953
-0.294541 179714
-0.293586 183606
-0.292632 187619
-0.291677 191744
-0.290722 195971
-0.289767 200291
-0.288813 204694
-0.287858 209169
-0.286903 213707
-0.285948 218296
-0.284994 222926
-0.284039 227587
-0.283084 232267
-0.282129 236956
-0.281174 241643
-0.28022 246317
-0.279265 250967
-0.27831 255582
-0.277355 260152
-0.276401 264665
-0.275446 269112
-0.274491 273482
-0.273536 277765
-0.272582 281951
-0.271627 286030
-0.270672 289993
-0.269717 293830
-0.268763 297532
-0.267808 301091
-0.266853 304499
-0.265898 307747
-0.264944 310827
-0.263989 313734
-0.263034 316459
-0.262079 318997
-0.261125 321342
-0.26017 323487
-0.259215 325429
-0.25826 327162
-0.257306 328682
-0.256351 329987
-0.255396 331072
-0.254441 331936
-0.253487 332576
-0.252532 332991
-0.251577 333180
-0.250622 333142
-0.249668 332878
-0.248713 332388
-0.247758 331673
-0.246803 330735
-0.245849 329577
-0.244894 328201
-0.243939 326610
-0.242984 324808
-0.24203 322799
-0.241075 320588
-0.24012 318180
-0.239165 315581
-0.238211 312797
-0.237256 309835
-0.236301 306700
-0.235346 303402
-0.234392 299946
-0.233437 296342
-0.232482 292598
-0.231527 288723
-0.230573 284725
-0.229618 280613
-0.228663 276399
-0.227708 272090
-0.226754 267698
-0.225799 263232
-0.224844 258703
-0.223889 254122
-0.222935 249498
-0.22198 244843
-0.221025 240167
-0.22007 235481
-0.219116 230796
-0.218161 226122
-0.217206 221472
-0.216251 216854
-0.215297 212280
-0.214342 207761
-0.213387 203306
-0.212432 198926
-0.211478 194631
-0.210523 190430
-0.209568 186334
-0.208613 182352
-0.207659 178492
-0.206704 174764
-0.205749 171176
-0.204794 167737
-0.20384 164453
-0.202885 161334
-0.20193 158385
-0.200975 155613
-0.200021 153025
-0.199066 150627
-0.198111 148424
-0.197156 146421
-0.196202 144622
-0.195247 143032
-0.194292 141655
-0.193337 140493
-0.192383 139549
-0.191428 138825
-0.190473 138323
-0.189518 138044
-0.188564 137989
-0.187609 138158
-0.186654 138550
-0.185699 139165
-0.184745 140000
-0.18379 141056
-0.182835 142328
-0.18188 143814
-0.180926 145511
-0.179971 147414
-0.179016 149520
-0.178061 151824
-0.177107 154321
-0.176152 157005
-0.175197 159869
-0.174242 162908
-0.173288 166115
-0.172333 169482
-0.171378 173001
-0.170423 176665
-0.169468 180466
-0.168514 184394
-0.167559 188441
-0.166604 192597
-0.165649 196854
-0.164695 201201
-0.16374 205629
-0.162785 210127
-0.16183 214685
-0.160876 219293
-0.159921 223941
-0.158966 228617
-0.158011 233311
-0.157057 238013
-0.156102 242710
-0.155147 247394
-0.154192 252052
-0.153238 256675
-0.152283 261252
-0.151328 265771
-0.150373 270224
-0.149419 274599
-0.148464 278886
-0.147509 283077
-0.146554 287160
-0.1456 291126
-0.144645 294967
-0.14369 298674
-0.142735 302237
-0.141781 305650
-0.140826 308903
-0.139871 311989
-0.138916 314902
-0.137962 317634
-0.137007 320179
-0.136052 322532
-0.135097 324687
-0.134143 326638
-0.133188 328381
-0.132233 329913
-0.131278 331230
-0.130324 332328
-0.129369 333206
-0.128414 333860
-0.127459 334291
-0.126505 334495
-0.12555 334474
-0.124595 334228
-0.12364 333756
-0.122686 333060
-0.121731 332141
-0.120776 331002
-0.119821 329646
-0.118867 328074
-0.117912 326292
-0.116957 324304
-0.116002 322113
-0.115048 319725
-0.114093 317145
-0.113138 314380
-0.112183 311436
-0.111229 308320
-0.110274 305038
-0.109319 301599
-0.108364 298010
-0.10741 294280
-0.106455 290417
-0.1055 286430
-0.104545 282329
-0.103591 278123
-0.102636 273820
-0.101681 269433
-0.100726 264969
-0.0997716 260441
-0.0988168 255857
-0.0978621 251229
-0.0969073 246567
-0.0959526 241882
-0.0949978 237184
-0.0940431 232484
-0.0930883 227794
-0.0921336 223123
-0.0911788 218482
-0.0902241 213883
-0.0892693 209334
-0.0883146 204847
-0.0873598 200432
-0.0864051 196099
-0.0854503 191857
-0.0844956 187717
-0.0835408 183687
-0.0825861 179777
-0.0816313 175996
-0.0806766 172352
-0.0797218 168853
-0.078767 165507
-0.0778123 162322
-0.0768575 159306
-0.0759028 156464
-0.074948 153803
-0.0739933 151329
-0.0730385 149048
-0.0720838 146965
-0.071129 145085
-0.0701743 143411
-0.0692195 141948
-0.0682648 140699
-0.06731 139666
-0.0663553 138852
-0.0654005 138259
-0.0644458 137888
-0.063491 137741
-0.0625363 137816
-0.0615815 138115
-0.0606268 138635
-0.059672 139378
-0.0587173 140340
-0.0577625 141519
-0.0568078 142913
-0.055853 144519
-0.0548982 146333
-0.0539435 148351
-0.0529887 150569
-0.052034 152981
-0.0510792 155582
-0.0501245 158367
-0.0491697 161328
-0.048215 164460
-0.0472602 167755
-0.0463055 171206
-0.0453507 174805
-0.044396 178545
-0.0434412 182415
-0.0424865 186409
-0.0415317 190516
-0.040577 194728
-0.0396222 199035
-0.0386675 203427
-0.0377127 207895
-0.036758 212428
-0.0358032 217015
-0.0348485 221648
-0.0338937 226314
-0.0329389 231004
-0.0319842 235706
-0.0310294 240410
-0.0300747 245106
-0.0291199 249782
-0.0281652 254429
-0.0272104 259034
-0.0262557 263589
-0.0253009 268082
-0.0243462 272503
-0.0233914 276842
-0.0224367 281089
-0.0214819 285235
-0.0205272 289269
-0.0195724 293183
-0.0186177 296968
-0.0176629 300614
-0.0167082 304114
-0.0157534 307460
-0.0147987 310643
-0.0138439 313657
-0.0128892 316494
-0.0119344 319148
-0.0109796 321613
-0.0100249 323884
-0.00907015 325954
-0.00811539 327819
-0.00716064 329475
-0.00620589 330918
-0.00525114 332145
-0.00429638 333153
-0.00334163 333939
-0.00238688 334501
-0.00143213 334840
-0.000477376 334952
0.000477376 334840
0.00143213 334501
0.00238688 333939
0.00334163 333153
0.00429638 332145
0.00525114 330918
0.00620589 329475
0.00716064 327819
0.00811539 325954
0.00907015 323884
0.0100249 321613
0.0109796 319148
0.0119344 316494
0.0128892 313657
0.0138439 310643
0.0147987 307460
0.0157534 304114
0.0167082 300614
0.0176629 296968
0.0186177 293183
0.0195724 289269
0.0205272 285235
0.0214819 281089
0.0224367 276842
0.0233914 272503
0.0243462 268082
0.0253009 263589
0.0262557 259034
0.0272104 254429
0.0281652 249782
0.0291199 245106
0.0300747 240410
0.0310294 235706
0.0319842 231004
0.0329389 226314
0.0338937 221648
0.0348485 217015
0.0358032 212428
0.036758 207895
0.0377127 203427
0.0386675 199035
0.0396222 194728
0.040577 190516
0.0415317 186409
0.0424865 182415
0.0434412 178545
0.044396 174805
0.0453507 171206
0.0463055 167755
0.0472602 164460
0.048215 161328
0.0491697 158367
0.0501245 155582
0.0510792 152981
0.052034 150569
0.0529887 148351
0.0539435 146333
0.0548982 144519
0.055853 142913
0.0568078 141519
0.0577625 140340
0.0587173 139378
0.059672 138635
0.0606268 138115
0.0615815 137816
0.0625363 137741
0.063491 137888
0.0644458 138259
0.0654005 138852
0.0663553 139666
0.06731 140699
0.0682648 141948
0.0692195 143411
0.0701743 145085
0.071129 146965
0.0720838 149048
0.0730385 151329
0.0739933 153803
0.074948 156464
0.0759028 159306
0.0768575 162322
0.0778123 165507
0.078767 168853
0.0797218 172352
0.0806766 175996
0.0816313 179777
0.0825861 183687
0.0835408 187717
0.0844956 191857
0.0854503 196099
0.0864051 200432
0.0873598 204847
0.0883146 209334
0.0892693 213883
0.0902241 218482
0.0911788 223123
0.0921336 227794
0.0930883 232484
0.0940431 237184
0.0949978 241882
0.0959526 246567
0.0969073 251229
0.0978621 255857
0.0988168 260441
0.0997716 264969
0.100726 269433
0.101681 273820
0.102636 278123
0.103591 282329
0.104545 286430
0.1055 290417
0.106455 294280
0.10741 298010
0.108364 301599
0.109319 305038
0.110274 308320
0.111229 311436
0.112183 314380
0.113138 317145
0.114093 319725
0.115048 322113
0.116002 324304
0.116957 326292
0.117912 328074
0.118867 329646
0.119821 331002
0.120776 332141
0.121731 333060
0.122686 333756
0.12364 334228
0.124595 334474
0.12555 334495
0.126505 334291
0.127459 333860
0.128414 333206
0.129369 332328
0.130324 331230
0.131278 329913
0.132233 328381
0.133188 326638
0.134143 324687
0.135097 322532
0.136052 320179
0.137007 317634
0.137962 314902
0.138916 311989
0.139871 308903
0.140826 305650
0.141781 302237
0.142735 298674
0.14369 294967
0.144645 291126
0.1456 287160
0.146554 283077
0.147509 278886
0.148464 274599
0.149419 270224
0.150373 265771
0.151328 261252
0.152283 256675
0.153238 252052
0.154192 247394
0.155147 242710
0.156102 238013
0.157057 233311
0.158011 228617
0.158966 223941
0.159921 219293
0.160876 214685
0.16183 210127
0.162785 205629
0.16374 201201
0.164695 196854
0.165649 192597
0.166604 188441
0.167559 184394
0.168514 180466
0.169468 176665
0.170423 173001
0.171378 169482
0.172333 166115
0.173288 162908
0.174242 159869
0.175197 157005
0.176152 154321
0.177107 151824
0.178061 149520
0.179016 147414
0.179971 145511
0.180926 143814
0.18188 142328
0.182835 141056
0.18379 140000
0.184745 139165
0.185699 138550
0.186654 138158
0.187609 137989
0.188564 138044
0.189518 138323
0.190473 138825
0.191428 139549
0.192383 140493
0.193337 141655
0.194292 143032
0.195247 144622
0.196202 146421
0.197156 148424
0.198111 150627
0.199066 153025
0.200021 155613
0.200975 158385
0.20193 161334
0.202885 164453
0.20384 167737
0.204794 171176
0.205749 174764
0.206704 178492
0.207659 182352
0.208613 186334
0.209568 190430
0.210523 194631
0.211478 198926
0.212432 203306
0.213387 207761
0.214342 212280
0.215297 216854
0.216251 221472
0.217206 226122
0.218161 230796
0.219116 235481
0.22007 240167
0.221025 244843
0.22198 249498
0.222935 254122
0.223889 258703
0.224844 263232
0.225799 267698
0.226754 272090
0.227708 276399
0.228663 280613
0.229618 284725
0.230573 288723
0.231527 292598
0.232482 296342
0.233437 299946
0.234392 303402
0.235346 306700
0.236301 309835
0.237256 312797
0.238211 315581
0.239165 318180
0.24012 320588
0.241075 322799
0.24203 324808
0.242984 326610
0.243939 328201
0.244894 329577
0.245849 330735
0.246803 331673
0.247758 332388
0.248713 332878
0.249668 333142
0.250622 333180
0.251577 332991
0.252532 332576
0.253487 331936
0.254441 331072
0.255396 329987
0.256351 328682
0.257306 327162
0.25826 325429
0.259215 323487
0.26017 321342
0.261125 318997
0.262079 316459
0.263034 313734
0.263989 310827
0.264944 307747
0.265898 304499
0.266853 301091
0.267808 297532
0.268763 293830
0.269717 289993
0.270672 286030
0.271627 281951
0.272582 277765
0.273536 273482
0.274491 269112
0.275446 264665
0.276401 260152
0.277355 255582
0.27831 250967
0.279265 246317
0.28022 241643
0.281174 236956
0.282129 232267
0.283084 227587
0.284039 222926
0.284994 218296
0.285948 213707
0.286903 209169
0.287858 204694
0.288813 200291
0.289767 195971
0.290722 191744
0.291677 187619
0.292632 183606
0.293586 179714
0.294541 175953
0.295496 172331
0.296451 168855
0.297405 165535
0.29836 162378
0.299315 159391
0.30027 156581
0.301224 153954
0.302179 151516
0.303134 149274
0.304089 147232
0.305043 145395
0.305998 143767
0.306953 142351
0.307908 141152
0.308862 140171
0.309817 139412
0.310772 138875
0.311727 138562
0.312681 138474
0.313636 138610
0.314591 138971
0.315546 139556
0.3165 140363
0.317455 141390
0.31841 142636
0.319365 144096
0.320319 145769
0.321274 147649
0.322229 149733
0.323184 152015
0.324138 154491
0.325093 157155
0.326048 160000
0.327003 163020
0.327957 166208
0.328912 169556
0.329867 173057
0.330822 176703
0.331776 180485
0.332731 184395
0.333686 188422
0.334641 192559
0.335595 196795
0.33655 201120
0.337505 205525
0.33846 209999
0.339414 214531
0.340369 219111
0.341324 223729
0.342279 228373
0.343233 233032
0.344188 237696
0.345143 242354
0.346098 246995
0.347052 251607
0.348007 256181
0.348962 260704
0.349917 265167
0.350871 269560
0.351826 273870
0.352781 278089
0.353736 282207
0.35469 286213
0.355645 290099
0.3566 293855
0.357555 297471
0.358509 300940
0.359464 304253
0.360419 307403
0.361374 310381
0.362328 313182
0.363283 315797
0.364238 318221
0.365193 320448
0.366147 322473
0.367102 324290
0.368057 325896
0.369012 327287
0.369966 328458
0.370921 329409
0.371876 330135
0.372831 330636
0.373785 330910
0.37474 330957
0.375695 330775
0.37665 330367
0.377604 329732
0.378559 328873
0.379514 327791
0.380469 326488
0.381423 324969
0.382378 323236
0.383333 321293
0.384288 319146
0.385242 316800
0.386197 314259
0.387152 311530
0.388107 308620
0.389061 305535
0.390016 302283
0.390971 298872
0.391926 295309
0.39288 291603
0.393835 287764
0.39479 283799
0.395745 279719
0.3967 275534
0.397654 271253
0.398609 266886
0.399564 262444
0.400519 257937
0.401473 253377
0.402428 248773
0.403383 244138
0.404338 239481
0.405292 234814
0.406247 230148
0.407202 225495
0.408157 220864
0.409111 216267
0.410066 211716
0.411021 207220
0.411976 202790
0.41293 198437
0.413885 194172
0.41484 190003
0.415795 185942
0.416749 181997
0.417704 178178
0.418659 174493
0.419614 170953
0.420568 167564
0.421523 164335
0.422478 161274
0.423433 158387
0.424387 155682
0.425342 153165
0.426297 150841
0.427252 148717
0.428206 146796
0.429161 145085
0.430116 143586
0.431071 142303
0.432025 141239
0.43298 140397
0.433935 139779
0.43489 139386
0.435844 139218
0.436799 139277
0.437754 139562
0.438709 140072
0.439663 140807
0.440618 141764
0.441573 142941
0.442528 144336
0.443482 145944
0.444437 147763
0.445392 149787
0.446347 152013
0.447301 154434
0.448256 157045
0.449211 159840
0.450166 162813
0.45112 165955
0.452075 169259
0.45303 172719
0.453985 176325
0.454939 180068
0.455894 183941
0.456849 187933
0.457804 192035
0.458758 196237
0.459713 200530
0.460668 204902
0.461623 209344
0.462577 213845
0.463532 218394
0.464487 222980
0.465442 227592
0.466396 232219
0.467351 236849
0.468306 241472
0.469261 246077
0.470215 250652
0.47117 255187
0.472125 259669
0.47308 264089
0.474034 268436
0.474989 272699
0.475944 276868
0.476899 280933
0.477853 284883
0.478808 288710
0.479763 292403
0.480718 295955
0.481672 299355
0.482627 302597
0.483582 305672
0.484537 308572
0.485491 311290
0.486446 313820
0.487401 316156
0.488356 318291
0.48931 320220
0.490265 321940
0.49122 323445
0.492175 324732
0.493129 325797
0.494084 326638
0.495039 327253
0.495994 327640
0.496948 327799
0.497903 327729
0.498858 327429
0.499813 326902
0.500767 326147
0.501722 325167
0.502677 323965
0.503632 322542
0.504586 320903
0.505541 319052
0.506496 316993
0.507451 314731
0.508405 312272
0.50936 309621
0.510315 306785
0.51127 303772
0.512225 300588
0.513179 297242
0.514134 293741
0.515089 290094
0.516044 286310
0.516998 282398
0.517953 278369
0.518908 274231
0.519863 269994
0.520817 265670
0.521772 261269
0.522727 256802
0.523682 252279
0.524636 247711
0.525591 243111
0.526546 238488
0.527501 233855
0.528455 229222
0.52941 224601
0.530365 220003
0.53132 215440
0.532274 210923
0.533229 206462
0.534184 202068
0.535139 197752
0.536093 193526
0.537048 189398
0.538003 185379
0.538958 181479
0.539912 177707
0.540867 174073
0.541822 170585
0.542777 167252
0.543731 164081
0.544686 161081
0.545641 158259
0.546596 155621
0.54755 153175
0.548505 150926
0.54946 148878
0.550415 147039
0.551369 145411
0.552324 143999
0.553279 142805
0.554234 141834
0.555188 141087
0.556143 140567
0.557098 140273
0.558053 140208
0.559007 140371
0.559962 140761
0.560917 141378
0.561872 142220
0.562826 143286
0.563781 144571
0.564736 146074
0.565691 147790
0.566645 149716
0.5676 151846
0.568555 154175
0.56951 156698
0.570464 159408
0.571419 162298
0.572374 165362
0.573329 168592
0.574283 171980
0.575238 175517
0.576193 179195
0.577148 183005
0.578102 186937
0.579057 190981
0.580012 195128
0.580967 199367
0.581921 203688
0.582876 208080
0.583831 212532
0.584786 217033
0.58574 221571
0.586695 226137
0.58765 230717
0.588605 235301
0.589559 239877
0.590514 244434
0.591469 248960
0.592424 253445
0.593378 257876
0.594333 262243
0.595288 266535
0.596243 270741
0.597197 274850
0.598152 278852
0.599107 282738
0.600062 286496
0.601016 290119
0.601971 293595
0.602926 296918
0.603881 300078
0.604835 303067
0.60579 305878
0.606745 308504
0.6077 310938
0.608654 313174
0.609609 315205
0.610564 317028
0.611519 318637
0.612473 320028
0.613428 321197
0.614383 322143
0.615338 322861
0.616292 323350
0.617247 323610
0.618202 323639
0.619157 323437
0.620111 323005
0.621066 322343
0.622021 321454
0.622976 320340
0.623931 319002
0.624885 317446
0.62584 315674
0.626795 313692
0.62775 311503
0.628704 309115
0.629659 306532
0.630614 303761
0.631569 300810
0.632523 297686
0.633478 294396
0.634433 290950
0.635388 287355
0.636342 283621
0.637297 279758
0.638252 275775
0.639207 271683
0.640161 267491
0.641116 263211
0.642071 258853
0.643026 254429
0.64398 249949
0.644935 245425
0.64589 240868
0.646845 236291
0.647799 231704
0.648754 227120
0.649709 222549
0.650664 218004
0.651618 213497
0.652573 209037
0.653528 204637
0.654483 200309
0.655437 196062
0.656392 191908
0.657347 187857
0.658302 183919
0.659256 180105
0.660211 176423
0.661166 172885
0.662121 169497
0.663075 166269
0.66403 163209
0.664985 160325
0.66594 157624
0.666894 155113
0.667849 152797
0.668804 150684
0.669759 148778
0.670713 147084
0.671668 145606
0.672623 144348
0.673578 143314
0.674532 142505
0.675487 141923
0.676442 141571
0.677397 141449
0.678351 141557
0.679306 141895
0.680261 142462
0.681216 143256
0.68217 144276
0.683125 145518
0.68408 146980
0.685035 148657
0.685989 150546
0.686944 152641
0.687899 154937
0.688854 157429
0.689808 160109
0.690763 162970
0.691718 166006
0.692673 169209
0.693627 172570
0.694582 176080
0.695537 179731
0.696492 183513
0.697446 187416
0.698401 191430
0.699356 195545
0.700311 199750
0.701265 204035
0.70222 208387
0.703175 212796
0.70413 217250
0.705084 221738
0.706039 226248
0.706994 230769
0.707949 235287
0.708903 239793
0.709858 244273
0.710813 248717
0.711768 253112
0.712722 257448
0.713677 261712
0.714632 265894
0.715587 269982
0.716541 273966
0.717496 277836
0.718451 281581
0.719406 285191
0.72036 288657
0.721315 291969
0.72227 295120
0.723225 298100
0.724179 300901
0.725134 303517
0.726089 305941
0.727044 308165
0.727998 310184
0.728953 311993
0.729908 313587
0.730863 314961
0.731817 316112
0.732772 317036
0.733727 317732
0.734682 318197
0.735637 318431
0.736591 318432
0.737546 318200
0.738501 317736
0.739456 317041
0.74041 316117
0.741365 314967
0.74232 313593
0.743275 311999
0.744229 310189
0.745184 308168
0.746139 305941
0.747094 303515
0.748048 300895
0.749003 298089
0.749958 295104
0.750913 291947
0.751867 288628
0.752822 285155
0.753777 281538
0.754732 277785
0.755686 273907
0.756641 269915
0.757596 265818
0.758551 261628
0.759505 257356
0.76046 253013
0.761415 248610
0.76237 244161
0.763324 239675
0.764279 235166
0.765234 230645
0.766189 226124
0.767143 221615
0.768098 217131
0.769053 212682
0.770008 208282
0.770962 203941
0.771917 199672
0.772872 195485
0.773827 191391
0.774781 187403
0.775736 183529
0.776691 179780
0.777646 176167
0.7786 172699
0.779555 169385
0.78051 166234
0.781465 163254
0.782419 160453
0.783374 157838
0.784329 155417
0.785284 153196
0.786238 151181
0.787193 149376
0.788148 147787
0.789103 146419
0.790057 145273
0.791012 144354
0.791967 143664
0.792922 143205
0.793876 142977
0.794831 142982
0.795786 143219
0.796741 143687
0.797695 144385
0.79865 145312
0.799605 146464
0.80056 147838
0.801514 149431
0.802469 151239
0.803424 153256
0.804379 155476
0.805333 157894
0.806288 160504
0.807243 163297
0.808198 166267
0.809152 169405
0.810107 172703
0.811062 176151
0.812017 179741
0.812971 183462
0.813926 187305
0.814881 191258
0.815836 195312
0.81679 199454
0.817745 203674
0.8187 207960
0.819655 212301
0.820609 216683
0.821564 221097
0.822519 225528
0.823474 229966
0.824428 234397
0.825383 238811
0.826338 243193
0.827293 247534
0.828247 251820
0.829202 256039
0.830157 260181
0.831112 264233
0.832066 268184
0.833021 272024
0.833976 275742
0.834931 279327
0.835885 282770
0.83684 286060
0.837795 289190
0.83875 292149
0.839704 294930
0.840659 297526
0.841614 299928
0.842569 302130
0.843523 304126
0.844478 305910
0.845433 307478
0.846388 308825
0.847342 309946
0.848297 310840
0.849252 311503
0.850207 311933
0.851162 312130
0.852116 312092
0.853071 311820
0.854026 311314
0.854981 310577
0.855935 309608
0.85689 308413
0.857845 306993
0.8588 305353
0.859754 303497
0.860709 301431
0.861664 299159
0.862619 296690
0.863573 294029
0.864528 291183
0.865483 288162
0.866438 284973
0.867392 281625
0.868347 278127
0.869302 274490
0.870257 270724
0.871211 266838
0.872166 262845
0.873121 258755
0.874076 254580
0.87503 250332
0.875985 246021
0.87694 241662
0.877895 237265
0.878849 232843
0.879804 228409
0.880759 223975
0.881714 219553
0.882668 215156
0.883623 210796
0.884578 206486
0.885533 202238
0.886487 198063
0.887442 193973
0.888397 189980
0.889352 186095
0.890306 182329
0.891261 178693
0.892216 175196
0.893171 171849
0.894125 168660
0.89508 165640
0.896035 162796
0.89699 160135
0.897944 157667
0.898899 155397
0.899854 153332
0.900809 151478
0.901763 149840
0.902718 148422
0.903673 147228
0.904628 146262
0.905582 145526
0.906537 145022
0.907492 144752
0.908447 144716
0.909401 144914
0.910356 145345
0.911311 146009
0.912266 146902
0.91322 148023
0.914175 149368
0.91513 150933
0.916085 152714
0.917039 154705
0.917994 156900
0.918949 159294
0.919904 161878
0.920858 164647
0.921813 167590
0.922768 170701
0.923723 173969
0.924677 177386
0.925632 180941
0.926587 184625
0.927542 188425
0.928496 192332
0.929451 196334
0.930406 200419
0.931361 204575
0.932315 208791
0.93327 213053
0.934225 217350
0.93518 221668
0.936134 225996
0.937089 230321
0.938044 234629
0.938999 238909
0.939953 243147
0.940908 247332
0.941863 251450
0.942818 255491
0.943772 259441
0.944727 263290
0.945682 267026
0.946637 270638
0.947591 274115
0.948546 277447
0.949501 280625
0.950456 283638
0.95141 286478
0.952365 289137
0.95332 291606
0.954275 293879
0.955229 295948
0.956184 297807
0.957139 299451
0.958094 300875
0.959048 302074
0.960003 303045
0.960958 303786
0.961913 304293
0.962868 304566
0.963822 304603
0.964777 304404
0.965732 303970
0.966687 303302
0.967641 302401
0.968596 301272
0.969551 299917
0.970506 298339
0.97146 296544
0.972415 294537
0.97337 292324
0.974325 289912
0.975279 287307
0.976234 284518
0.977189 281552
0.978144 278419
0.979098 275128
0.980053 271689
0.981008 268112
0.981963 264407
0.982917 260586
0.983872 256661
0.984827 252642
0.985782 248543
0.986736 244375
0.987691 240151
0.988646 235883
0.989601 231584
0.990555 227268
0.99151 222946
0.992465 218633
0.99342 214340
0.994374 210082
0.995329 205870
0.996284 201717
0.997239 197636
0.998193 193639
0.999148 189738
1.0001 185945
1.00106 182271
1.00201 178726
1.00297 175323
1.00392 172070
1.00488 168977
1.00583 166055
1.00679 163311
1.00774 160754
1.0087 158392
1.00965 156231
1.01061 154277
1.01156 152538
1.01251 151017
1.01347 149719
1.01442 148649
1.01538 147809
1.01633 147201
1.01729 146827
1.01824 146689
1.0192 146786
1.02015 147119
1.02111 147685
1.02206 148483
1.02302 149510
1.02397 150764
1.02493 152239
1.02588 153932
1.02684 155836
1.02779 157947
1.02875 160256
1.0297 162758
1.03065 165443
1.03161 168305
1.03256 171333
1.03352 174518
1.03447 177850
1.03543 181319
1.03638 184914
1.03734 188623
1.03829 192435
1.03925 196338
1.0402 200320
1.04116 204368
1.04211 208469
1.04307 212611
1.04402 216781
1.04498 220965
1.04593 225150
1.04689 229323
1.04784 233471
1.0488 237580
1.04975 241639
1.0507 245633
1.05166 249551
1.05261 253380
1.05357 257108
1.05452 260723
1.05548 264214
1.05643 267569
1.05739 270778
1.05834 273831
1.0593 276717
1.06025 279429
1.06121 281956
1.06216 284292
1.06312 286429
1.06407 288359
1.06503 290077
1.06598 291577
1.06694 292854
1.06789 293904
1.06884 294725
1.0698 295312
1.07075 295665
1.07171 295781
1.07266 295662
1.07362 295306
1.07457 294716
1.07553 293893
1.07648 292839
1.07744 291558
1.07839 290054
1.07935 288332
1.0803 286397
1.08126 284256
1.08221 281915
1.08317 279382
1.08412 276665
1.08508 273773
1.08603 270715
1.08699 267500
1.08794 264140
1.08889 260644
1.08985 257025
1.0908 253294
1.09176 249463
1.09271 245544
1.09367 241550
1.09462 237494
1.09558 233389
1.09653 229248
1.09749 225084
1.09844 220912
1.0994 216744
1.10035 212593
1.10131 208475
1.10226 204401
1.10322 200385
1.10417 196440
1.10513 192578
1.10608 188813
1.10704 185155
1.10799 181618
1.10894 178213
1.1099 174950
1.11085 171840
1.11181 168893
1.11276 166118
1.11372 163526
1.11467 161123
1.11563 158917
1.11658 156916
1.11754 155126
1.11849 153553
1.11945 152201
1.1204 151075
1.12136 150179
1.12231 149515
1.12327 149084
1.12422 148889
1.12518 148930
1.12613 149205
1.12708 149715
1.12804 150458
1.12899 151429
1.12995 152627
1.1309 154046
1.13186 155682
1.13281 157530
1.13377 159582
1.13472 161831
1.13568 164271
1.13663 166892
1.13759 169685
1.13854 172641
1.1395 175751
1.14045 179002
1.14141 182384
1.14236 185886
1.14332 189495
1.14427 193199
1.14523 196986
1.14618 200842
1.14713 204754
1.14809 208710
1.14904 212694
1.15 216695
1.15095 220697
1.15191 224687
1.15286 228653
1.15382 232579
1.15477 236452
1.15573 240260
1.15668 243989
1.15764 247626
1.15859 251159
1.15955 254576
1.1605 257864
1.16146 261013
1.16241 264012
1.16337 266850
1.16432 269517
1.16527 272004
1.16623 274303
1.16718 276406
1.16814 278305
1.16909 279994
1.17005 281467
1.171 282719
1.17196 283745
1.17291 284542
1.17387 285107
1.17482 285438
1.17578 285534
1.17673 285394
1.17769 285020
1.17864 284412
1.1796 283572
1.18055 282504
1.18151 281210
1.18246 279696
1.18342 277967
1.18437 276029
1.18532 273888
1.18628 271553
1.18723 269030
1.18819 266330
1.18914 263461
1.1901 260434
1.19105 257259
1.19201 253947
1.19296 250510
1.19392 246960
1.19487 243310
1.19583 239572
1.19678 235759
1.19774 231885
1.19869 227963
1.19965 224008
1.2006 220033
1.20156 216051
1.20251 212078
1.20347 208127
1.20442 204213
1.20537 200348
1.20633 196546
1.20728 192821
1.20824 189186
1.20919 185654
1.21015 182237
1.2111 178948
1.21206 175796
1.21301 172795
1.21397 169954
1.21492 167283
1.21588 164792
1.21683 162489
1.21779 160382
1.21874 158479
1.2197 156786
1.22065 155309
1.22161 154053
1.22256 153022
1.22351 152219
1.22447 151648
1.22542 151310
1.22638 151205
1.22733 151335
1.22829 151697
1.22924 152291
1.2302 153113
1.23115 154161
1.23211 155431
1.23306 156916
1.23402 158613
1.23497 160513
1.23593 162610
1.23688 164896
1.23784 167361
1.23879 169998
1.23975 172795
1.2407 175742
1.24166 178828
1.24261 182041
1.24356 185369
1.24452 188800
1.24547 192320
1.24643 195916
1.24738 199575
1.24834 203283
1.24929 207025
1.25025 210789
1.2512 214559
1.25216 218321
1.25311 222061
1.25407 225765
1.25502 229418
1.25598 233008
1.25693 236521
1.25789 239942
1.25884 243260
1.2598 246462
1.26075 249535
1.2617 252468
1.26266 255249
1.26361 257869
1.26457 260317
1.26552 262584
1.26648 264662
1.26743 266541
1.26839 268216
1.26934 269680
1.2703 270927
1.27125 271953
1.27221 272753
1.27316 273325
1.27412 273667
1.27507 273776
1.27603 273653
1.27698 273298
1.27794 272713
1.27889 271900
1.27985 270861
1.2808 269601
1.28175 268126
1.28271 266439
1.28366 264549
1.28462 262462
1.28557 260186
1.28653 257730
1.28748 255104
1.28844 252317
1.28939 249381
1.29035 246306
1.2913 243106
1.29226 239791
1.29321 236376
1.29417 232872
1.29512 229295
1.29608 225657
1.29703 221972
1.29799 218256
1.29894 214521
1.29989 210784
1.30085 207058
1.3018 203358
1.30276 199698
1.30371 196092
1.30467 192555
1.30562 189099
1.30658 185739
1.30753 182487
1.30849 179356
1.30944 176358
1.3104 173505
1.31135 170807
1.31231 168275
1.31326 165919
1.31422 163747
1.31517 161768
1.31613 159989
1.31708 158417
1.31804 157058
1.31899 155917
1.31994 154998
1.3209 154304
1.32185 153837
1.32281 153600
1.32376 153591
1.32472 153812
1.32567 154260
1.32663 154933
1.32758 155828
1.32854 156941
1.32949 158267
1.33045 159799
1.3314 161533
1.33236 163458
1.33331 165569
1.33427 167854
1.33522 170305
1.33618 172912
1.33713 175662
1.33809 178544
1.33904 181547
1.33999 184657
1.34095 187861
1.3419 191146
1.34286 194498
1.34381 197902
1.34477 201344
1.34572 204810
1.34668 208285
1.34763 211755
1.34859 215204
1.34954 218619
1.3505 221984
1.35145 225285
1.35241 228510
1.35336 231643
1.35432 234672
1.35527 237584
1.35623 240366
1.35718 243008
1.35813 245497
1.35909 247823
1.36004 249977
1.361 251949
1.36195 253731
1.36291 255315
1.36386 256695
1.36482 257864
1.36577 258819
1.36673 259554
1.36768 260067
1.36864 260356
1.36959 260419
1.37055 260256
1.3715 259869
1.37246 259258
1.37341 258426
1.37437 257377
1.37532 256116
1.37628 254647
1.37723 252978
1.37818 251116
1.37914 249068
1.38009 246843
1.38105 244451
1.382 241903
1.38296 239209
1.38391 236380
1.38487 233430
1.38582 230372
1.38678 227217
1.38773 223980
1.38869 220675
1.38964 217315
1.3906 213917
1.39155 210494
1.39251 207061
1.39346 203633
1.39442 200224
1.39537 196850
1.39632 193525
1.39728 190263
1.39823 187079
1.39919 183986
1.40014 180997
1.4011 178125
1.40205 175383
1.40301 172782
1.40396 170333
1.40492 168047
1.40587 165933
1.40683 164000
1.40778 162257
1.40874 160709
1.40969 159365
1.41065 158229
1.4116 157305
1.41256 156597
1.41351 156108
1.41447 155839
1.41542 155791
1.41637 155963
1.41733 156353
1.41828 156960
1.41924 157779
1.42019 158807
1.42115 160037
1.4221 161464
1.42306 163080
1.42401 164877
1.42497 166847
1.42592 168979
1.42688 171263
1.42783 173689
1.42879 176243
1.42974 178914
1.4307 181689
1.43165 184555
1.43261 187497
1.43356 190502
1.43452 193555
1.43547 196641
1.43642 199746
1.43738 202854
1.43833 205951
1.43929 209022
1.44024 212052
1.4412 215027
1.44215 217932
1.44311 220754
1.44406 223479
1.44502 226094
1.44597 228587
1.44693 230945
1.44788 233157
1.44884 235213
1.44979 237103
1.45075 238818
1.4517 240349
1.45266 241690
1.45361 242834
1.45456 243775
1.45552 244510
1.45647 245034
1.45743 245346
1.45838 245443
1.45934 245326
1.46029 244994
1.46125 244451
1.4622 243698
1.46316 242740
1.46411 241580
1.46507 240226
1.46602 238682
1.46698 236958
1.46793 235061
1.46889 233001
1.46984 230788
1.4708 228433
1.47175 225947
1.47271 223342
1.47366 220631
1.47461 217828
1.47557 214947
1.47652 212000
1.47748 209003
1.47843 205970
1.47939 202917
1.48034 199857
1.4813 196806
1.48225 193779
1.48321 190790
1.48416 187855
1.48512 184986
1.48607 182199
1.48703 179505
1.48798 176920
1.48894 174454
1.48989 172119
1.49085 169928
1.4918 167889
1.49275 166013
1.49371 164308
1.49466 162782
1.49562 161442
1.49657 160294
1.49753 159343
1.49848 158592
1.49944 158045
1.50039 157704
1.50135 157569
1.5023 157639
1.50326 157914
1.50421 158391
1.50517 159067
1.50612 159937
1.50708 160995
1.50803 162235
1.50899 163649
1.50994 165229
1.5109 166967
1.51185 168851
1.5128 170870
1.51376 173014
1.51471 175271
1.51567 177626
1.51662 180068
1.51758 182583
1.51853 185155
1.51949 187772
1.52044 190418
1.5214 193079
1.52235 195739
1.52331 198385
1.52426 201001
1.52522 203573
1.52617 206087
1.52713 208529
1.52808 210885
1.52904 213142
1.52999 215288
1.53095 217312
1.5319 219201
1.53285 220946
1.53381 222537
1.53476 223965
1.53572 225223
1.53667 226303
1.53763 227200
1.53858 227909
1.53954 228426
1.54049 228748
1.54145 228874
1.5424 228803
1.54336 228535
1.54431 228074
1.54527 227420
1.54622 226577
1.54718 225552
1.54813 224349
1.54909 222975
1.55004 221439
1.55099 219748
1.55195 217913
1.5529 215944
1.55386 213851
1.55481 211647
1.55577 209344
1.55672 206955
1.55768 204494
1.55863 201973
1.55959 199408
1.56054 196812
1.5615 194200
1.56245 191587
1.56341 188986
1.56436 186414
1.56532 183882
1.56627 181407
1.56723 179000
1.56818 176676
1.56914 174446
1.57009 172324
1.57104 170319
1.572 168444
1.57295 166708
1.57391 165119
1.57486 163686
1.57582 162417
1.57677 161317
1.57773 160391
1.57868 159644
1.57964 159079
1.58059 158698
1.58155 158501
1.5825 158488
1.58346 158657
1.58441 159007
1.58537 159534
1.58632 160233
1.58728 161098
1.58823 162122
1.58918 163299
1.59014 164619
1.59109 166073
1.59205 167651
1.593 169341
1.59396 171133
1.59491 173014
1.59587 174972
1.59682 176992
1.59778 179062
1.59873 181168
1.59969 183296
1.60064 185432
1.6016 187561
1.60255 189670
1.60351 191744
1.60446 193771
1.60542 195737
1.60637 197629
1.60733 199435
1.60828 201143
1.60923 202742
1.61019 204221
1.61114 205572
1.6121 206785
1.61305 207853
1.61401 208769
1.61496 209526
1.61592 210121
1.61687 210549
1.61783 210808
1.61878 210896
1.61974 210813
1.62069 210559
1.62165 210137
1.6226 209549
1.62356 208800
1.62451 207893
1.62547 206836
1.62642 205635
1.62737 204299
1.62833 202835
1.62928 201254
1.63024 199566
1.63119 197782
1.63215 195914
1.6331 193974
1.63406 191974
1.63501 189928
1.63597 187848
1.63692 185748
1.63788 183641
1.63883 181541
1.63979 179461
1.64074 177415
1.6417 175414
1.64265 173472
1.64361 171601
1.64456 169811
1.64552 168115
1.64647 166521
1.64742 165040
1.64838 163680
1.64933 162449
1.65029 161353
1.65124 160398
1.6522 159589
1.65315 158930
1.65411 158423
1.65506 158070
1.65602 157871
1.65697 157825
1.65793 157931
1.65888 158186
1.65984 158586
1.66079 159125
1.66175 159799
1.6627 160600
1.66366 161521
1.66461 162552
1.66557 163685
1.66652 164909
1.66747 166214
1.66843 167589
1.66938 169022
1.67034 170501
1.67129 172013
1.67225 173547
1.6732 175090
1.67416 176628
1.67511 178150
1.67607 179644
1.67702 181097
1.67798 182498
1.67893 183835
1.67989 185098
1.68084 186278
1.6818 187364
1.68275 188348
1.68371 189222
1.68466 189980
1.68561 190615
1.68657 191123
1.68752 191500
1.68848 191743
1.68943 191849
1.69039 191819
1.69134 191652
1.6923 191350
1.69325 190915
1.69421 190350
1.69516 189660
1.69612 188851
1.69707 187928
1.69803 186898
1.69898 185770
1.69994 184552
1.70089 183253
1.70185 181883
1.7028 180452
1.70376 178972
1.70471 177452
1.70566 175905
1.70662 174341
1.70757 172773
1.70853 171212
1.70948 169668
1.71044 168152
1.71139 166677
1.71235 165251
1.7133 163884
1.71426 162586
1.71521 161365
1.71617 160229
1.71712 159185
1.71808 158240
1.71903 157397
1.71999 156663
1.72094 156039
1.7219 155530
1.72285 155135
1.7238 154857
1.72476 154693
1.72571 154643
1.72667 154704
1.72762 154873
1.72858 155145
1.72953 155515
1.73049 155978
1.73144 156526
1.7324 157152
1.73335 157848
1.73431 158605
1.73526 159415
1.73622 160267
1.73717 161153
1.73813 162062
1.73908 162984
1.74004 163909
1.74099 164828
1.74195 165730
1.7429 166606
1.74385 167446
1.74481 168242
1.74576 168986
1.74672 169669
1.74767 170285
1.74863 170827
1.74958 171289
1.75054 171667
1.75149 171956
1.75245 172153
1.7534 172257
1.75436 172264
1.75531 172176
1.75627 171992
1.75722 171713
1.75818 171342
1.75913 170882
1.76009 170336
1.76104 169709
1.762 169006
1.76295 168234
1.7639 167398
1.76486 166505
1.76581 165564
1.76677 164581
1.76772 163565
1.76868 162524
1.76963 161467
1.77059 160402
1.77154 159337
1.7725 158281
1.77345 157242
1.77441 156227
1.77536 155244
1.77632 154299
1.77727 153400
1.77823 152552
1.77918 151761
1.78014 151030
1.78109 150365
1.78204 149767
1.783 149240
1.78395 148785
1.78491 148403
1.78586 148094
1.78682 147858
1.78777 147692
1.78873 147595
1.78968 147564
1.79064 147596
1.79159 147686
1.79255 147829
1.7935 148021
1.79446 148256
1.79541 148528
1.79637 148830
1.79732 149157
1.79828 149501
1.79923 149855
1.80019 150214
1.80114 150570
1.80209 150916
1.80305 151248
1.804 151557
1.80496 151839
1.80591 152089
1.80687 152302
1.80782 152472
1.80878 152597
1.80973 152674
1.81069 152698
1.81164 152670
1.8126 152586
1.81355 152447
1.81451 152252
1.81546 152002
1.81642 151698
1.81737 151342
1.81833 150935
1.81928 150481
1.82023 149983
1.82119 149444
1.82214 148868
1.8231 148261
1.82405 147625
1.82501 146967
1.82596 146291
1.82692 145602
1.82787 144905
1.82883 144206
1.82978 143508
1.83074 142817
1.83169 142138
1.83265 141473
1.8336 140828
1.83456 140206
1.83551 139611
1.83647 139044
1.83742 138508
1.83838 138005
1.83933 137536
1.84028 137103
1.84124 136705
1.84219 136343
1.84315 136016
1.8441 135722
1.84506 135461
1.84601 135231
1.84697 135030
1.84792 134854
1.84888 134702
1.84983 134570
1.85079 134454
1.85174 134353
1.8527 134261
1.85365 134176
1.85461 134094
1.85556 134012
1.85652 133926
1.85747 133832
1.85842 133728
1.85938 133612
1.86033 133479
1.86129 133328
1.86224 133156
1.8632 132963
1.86415 132746
1.86511 132504
1.86606 132236
1.86702 131943
1.86797 131623
1.86893 131278
1.86988 130907
1.87084 130512
1.87179 130094
1.87275 129653
1.8737 129193
1.87466 128713
1.87561 128217
1.87657 127706
1.87752 127183
1.87847 126650
1.87943 126109
1.88038 125562
1.88134 125012
1.88229 124460
1.88325 123909
1.8842 123360
1.88516 122816
1.88611 122277
1.88707 121746
1.88802 121223
1.88898 120710
1.88993 120206
1.89089 119713
1.89184 119231
1.8928 118759
1.89375 118299
1.89471 117848
1.89566 117407
1.89662 116976
1.89757 116552
1.89852 116135
1.89948 115724
1.90043 115318
1.90139 114914
1.90234 114513
1.9033 114112
1.90425 113709
1.90521 113305
1.90616 112896
1.90712 112482
1.90807 112062
1.90903 111634
1.90998 111198
1.91094 110752
1.91189 110295
1.91285 109828
1.9138 109349
1.91476 108857
1.91571 108353
1.91666 107837
1.91762 107308
1.91857 106767
1.91953 106213
1.92048 105648
1.92144 105071
1.92239 104482
1.92335 103884
1.9243 103275
1.92526 102656
1.92621 102029
1.92717 101393
1.92812 100750
1.92908 100100
1.93003 99443.2
1.93099 98780.3
1.93194 98111.6
1.9329 97437.6
1.93385 96758.6
1.93481 96074.6
1.93576 95385.8
1.93671 94692.1
1.93767 93993.6
1.93862 93290
1.93958 92581.1
1.94053 91866.5
1.94149 91145.8
1.94244 90418.5
1.9434 89684.1
1.94435 88941.9
1.94531 88191.3
1.94626 87431.5
1.94722 86661.9
1.94817 85881.6
1.94913 85090
1.95008 84286.2
1.95104 83469.4
1.95199 82639.1
1.95295 81794.4
1.9539 80934.6
1.95485 80059.2
1.95581 79167.4
1.95676 78258.9
1.95772 77333.1
1.95867 76389.5
1.95963 75427.9
1.96058 74448
1.96154 73449.5
1.96249 72432.3
1.96345 71396.4
1.9644 70341.7
1.96536 69268.3
1.96631 68176.5
1.96727 67066.3
1.96822 65938.2
1.96918 64792.5
1.97013 63629.6
1.97109 62450
1.97204 61254.4
1.973 60043.3
1.97395 58817.5
1.9749 57577.7
1.97586 56324.8
1.97681 55059.6
1.97777 53783
1.97872 52496.2
1.97968 51200.1
1.98063 49895.8
1.98159 48584.5
1.98254 47267.5
1.9835 45945.9
1.98445 44621.2
1.98541 43294.5
1.98636 41967.5
1.98732 40641.4
1.98827 39317.8
1.98923 37998.1
1.99018 36684
1.99114 35376.8
1.99209 34078.3
1.99305 32790
1.994 31513.4
1.99495 30250.2
1.99591 29001.8
1.99686 27770
1.99782 26556.1
1.99877 25361.7
1.99973 24188.2
2.00068 23037.1
2.00164 21909.6
2.00259 20807.1
2.00355 19730.8
2.0045 18681.8
2.00546 17661.1
2.00641 16669.8
2.00737 15708.6
2.00832 14778.4
2.00928 13879.8
2.01023 13013.4
2.01119 12179.5
2.01214 11378.6
2.01309 10610.8
2.01405 9876.28
2.015 9174.99
2.01596 8506.82
2.01691 7871.55
2.01787 7268.86
2.01882 6698.32
2.01978 6159.41
2.02073 5651.52
2.02169 5173.97
2.02264 4725.98
2.0236 4306.73
2.02455 3915.32
2.02551 3550.79
2.02646 3212.15
2.02742 2898.36
2.02837 2608.35
2.02933 2341.04
2.03028 2095.3
2.03124 1870.03
2.03219 1664.1
2.03314 1476.39
2.0341 1305.81
2.03505 1151.24
2.03601 1011.64
2.03696 885.94
2.03792 773.139
2.03887 672.253
2.03983 582.335
2.04078 502.481
2.04174 431.828
2.04269 369.555
2.04365 314.886
2.0446 267.09
2.04556 225.483
2.04651 189.425
2.04747 158.322
2.04842 131.623
2.04938 108.822
2.05033 89.4547
2.05128 73.0966
2.05224 59.3626
2.05319 47.9043
2.05415 38.4087
2.0551 30.5954
2.05606 24.2153
2.05701 19.0476
2.05797 14.8984
2.05892 11.598
2.05988 8.99923
2.06083 6.97517
2.06179 5.4172
2.06274 4.23316
2.0637 3.34552
2.06465 2.68969
2.06561 2.21243
2.06656 1.87036
2.06752 1.62861
2.06847 1.45957
2.06943 1.34175
2.07038 1.25877
2.07133 1.19844
2.07229 1.152
2.07324 1.11336
2.0742 1.07854
2.07515 1.04516
2.07611 1.01197
2.07706 0.97855
2.07802 0.944971
2.07897 0.911614
2.07993 0.878977
2.08088 0.847556
2.08184 0.817763
2.08279 0.789875
2.08375 0.764009
2.0847 0.740121
2.08566 0.71802
2.08661 0.697391
2.08757 0.677828
2.08852 0.65887
2.08947 0.640035
2.09043 0.620855
2.09138 0.600904
2.09234 0.579828
2.09329 0.557357
2.09425 0.533323
2.0952 0.507662
2.09616 0.480417
2.09711 0.451731
2.09807 0.421834
2.09902 0.391035
2.09998 0.359698
2.10093 0.328229
2.10189 0.29705
2.10284 0.266588
2.1038 0.237248
2.10475 0.209404
2.10571 0.18338
2.10666 0.159443
2.10762 0.137794
2.10857 0.118561
2.10952 0.101804
2.11048 0.0875121
2.11143 0.0756091
2.11239 0.0659627
2.11334 0.0583921
2.1143 0.0526785
2.11525 0.0485765
2.11621 0.0458252
2.11716 0.0441594
2.11812 0.0433196
2.11907 0.0430615
2.12003 0.0431633
2.12098 0.0434315
2.12194 0.0437056
2.12289 0.0438598
2.12385 0.0438037
2.1248 0.043481
2.12576 0.0428671
2.12671 0.0419651
2.12767 0.0408011
2.12862 0.039419
2.12957 0.0378748
2.13053 0.0362312
2.13148 0.0345523
2.13244 0.0328989
2.13339 0.0313246
2.13435 0.0298728
2.1353 0.0285748
2.13626 0.0274483
2.13721 0.0264976
2.13817 0.0257141
2.13912 0.0250781
2.14008 0.0245608
2.14103 0.0241266
2.14199 0.0237362
2.14294 0.0233495
2.1439 0.0229279
2.14485 0.0224371
2.14581 0.0218491
2.14676 0.0211437
2.14771 0.0203097
2.14867 0.0193449
2.14962 0.0182563
2.15058 0.017059
2.15153 0.0157756
2.15249 0.0144339
2.15344 0.0130657
2.1544 0.0117046
2.15535 0.010384
2.15631 0.0091353
2.15726 0.00798619
2.15822 0.00695931
2.15917 0.00607124
2.16013 0.00533184
2.16108 0.00474409
2.16204 0.00430424
2.16299 0.00400244
2.16395 0.00382357
2.1649 0.0037484
2.16586 0.0037549
2.16681 0.00381961
2.16776 0.00391901
2.16872 0.00403082
2.16967 0.00413514
2.17063 0.00421535
2.17158 0.00425878
2.17254 0.00425706
2.17349 0.00420623
2.17445 0.00410652
2.1754 0.00396193
2.17636 0.00377958
2.17731 0.00356891
2.17827 0.00334078
2.17922 0.00310659
2.18018 0.00287741
2.18113 0.00266311
2.18209 0.00247182
2.18304 0.00230935
2.184 0.00217894
2.18495 0.00208117
2.1859 0.00201409
2.18686 0.00197343
2.18781 0.00195312
2.18877 0.00194579
2.18972 0.00194337
2.19068 0.00193777
2.19163 0.00192143
2.19259 0.00188789
2.19354 0.00183224
2.1945 0.00175138
2.19545 0.00164428
2.19641 0.00151187
2.19736 0.00135702
2.19832 0.00118422
2.19927 0.000999236
2.20023 0.000808658
2.20118 0.000619416
2.20214 0.000438293
2.20309 0.000271462
2.20405 0.000124087
